-7.215343e+001 3.871262e+002 0.000000e+000 -1.824406e-002 4.719937e-002 -9.987189e-001
-7.219611e+001 3.866808e+002 0.000000e+000 -2.321188e-002 2.105670e-002 -9.995088e-001
-7.220422e+001 3.868424e+002 0.000000e+000 -2.404130e-002 2.869622e-002 -9.992990e-001
-7.218694e+001 3.872181e+002 0.000000e+000 -2.096869e-002 4.258987e-002 -9.988726e-001
-7.220645e+001 3.867188e+002 0.000000e+000 -2.278823e-002 1.814756e-002 -9.995756e-001
-7.217573e+001 3.868420e+002 0.000000e+000 -2.090326e-002 3.668954e-002 -9.991081e-001
-7.221277e+001 3.867669e+002 0.000000e+000 -1.972622e-002 1.265591e-002 -9.997253e-001
-7.220336e+001 3.866210e+002 0.000000e+000 -2.245246e-002 1.848156e-002 -9.995771e-001
-7.221442e+001 3.863257e+002 0.000000e+000 -2.015814e-002 2.840696e-002 -9.993932e-001
-7.218199e+001 3.867132e+002 0.000000e+000 -2.360181e-002 2.213017e-002 -9.994765e-001
-7.218202e+001 3.869800e+002 0.000000e+000 -2.296547e-002 4.245772e-002 -9.988343e-001
-7.217858e+001 3.864249e+002 0.000000e+000 -2.187105e-002 1.937673e-002 -9.995730e-001
-7.218226e+001 3.862949e+002 0.000000e+000 -2.327402e-002 2.524551e-002 -9.994103e-001
-7.216021e+001 3.863827e+002 0.000000e+000 -2.480105e-002 2.757319e-002 -9.993121e-001
-7.221226e+001 3.869252e+002 0.000000e+000 -2.247416e-002 1.919812e-002 -9.995631e-001
-7.219502e+001 3.865283e+002 0.000000e+000 -2.315525e-002 1.720407e-002 -9.995838e-001
-7.217965e+001 3.863800e+002 0.000000e+000 -2.562857e-002 2.401818e-002 -9.993830e-001
-7.217635e+001 3.867143e+002 0.000000e+000 -2.145856e-002 4.123242e-002 -9.989191e-001
-7.217183e+001 3.868460e+002 0.000000e+000 -2.074888e-002 4.427865e-002 -9.988037e-001
-7.218197e+001 3.870610e+002 0.000000e+000 -2.355408e-002 2.439291e-002 -9.994249e-001
-7.217963e+001 3.868583e+002 0.000000e+000 -2.151829e-002 3.447964e-002 -9.991737e-001
-7.221224e+001 3.866185e+002 0.000000e+000 -2.151374e-002 1.892198e-002 -9.995895e-001
-7.220123e+001 3.866157e+002 0.000000e+000 -2.257542e-002 1.824570e-002 -9.995786e-001
-7.216455e+001 3.870636e+002 0.000000e+000 -1.940680e-002 4.301251e-002 -9.988860e-001
-7.223037e+001 3.866049e+002 0.000000e+000 -2.123033e-002 1.468547e-002 -9.996667e-001
-7.218261e+001 3.866856e+002 0.000000e+000 -2.228457e-002 3.187342e-002 -9.992435e-001
-7.215674e+001 3.864828e+002 0.000000e+000 -2.438820e-002 2.698053e-002 -9.993384e-001
-7.219650e+001 3.866105e+002 0.000000e+000 -2.471745e-002 2.159035e-002 -9.994613e-001
-7.219182e+001 3.868129e+002 0.000000e+000 -2.396516e-002 1.750041e-002 -9.995596e-001
-7.222070e+001 3.865073e+002 0.000000e+000 -2.222999e-002 1.399902e-002 -9.996549e-001
-7.218314e+001 3.863726e+002 0.000000e+000 -2.516623e-002 1.257888e-002 -9.996041e-001
-7.217256e+001 3.867342e+002 0.000000e+000 -2.234843e-002 3.363285e-002 -9.991844e-001
-7.219490e+001 3.868825e+002 0.000000e+000 -2.410168e-002 2.169003e-002 -9.994742e-001
-7.219208e+001 3.868229e+002 0.000000e+000 -2.113172e-002 3.065187e-002 -9.993067e-001
-7.219219e+001 3.870055e+002 0.000000e+000 -2.254885e-002 4.726459e-002 -9.986279e-001
-7.217975e+001 3.872277e+002 0.000000e+000 -2.080166e-002 4.721432e-002 -9.986682e-001
-7.217005e+001 3.873791e+002 0.000000e+000 -1.975654e-002 3.796731e-002 -9.990837e-001
-7.219004e+001 3.867139e+002 0.000000e+000 -2.343803e-002 2.871105e-002 -9.993129e-001
-7.217960e+001 3.865771e+002 0.000000e+000 -2.605378e-002 1.316401e-002 -9.995739e-001
-7.218109e+001 3.866085e+002 0.000000e+000 -1.951096e-002 3.889060e-002 -9.990530e-001
-7.221856e+001 3.865745e+002 0.000000e+000 -2.315465e-002 1.415117e-002 -9.996317e-001
-7.219444e+001 3.870586e+002 0.000000e+000 -2.359540e-002 2.492287e-002 -9.994109e-001
-7.220965e+001 3.870321e+002 0.000000e+000 -2.273402e-002 1.623382e-002 -9.996097e-001
-7.220198e+001 3.868811e+002 0.000000e+000 -2.272873e-002 2.405327e-002 -9.994523e-001
-7.218526e+001 3.867770e+002 0.000000e+000 -2.460868e-002 1.756592e-002 -9.995428e-001
-7.220121e+001 3.866855e+002 0.000000e+000 -2.128913e-002 2.138700e-002 -9.995446e-001
-7.216949e+001 3.870258e+002 0.000000e+000 -1.892776e-002 4.629701e-002 -9.987484e-001
-7.219223e+001 3.868889e+002 0.000000e+000 -2.368476e-002 3.961859e-002 -9.989341e-001
-7.218189e+001 3.860735e+002 0.000000e+000 -2.571229e-002 1.704604e-002 -9.995240e-001
-7.217752e+001 3.867191e+002 0.000000e+000 -2.371920e-002 1.986977e-002 -9.995212e-001
-7.217779e+001 3.867843e+002 0.000000e+000 -1.967752e-002 4.415939e-002 -9.988307e-001
-7.216579e+001 3.874090e+002 0.000000e+000 -1.978161e-002 4.745091e-002 -9.986777e-001
-7.216733e+001 3.869113e+002 0.000000e+000 -1.918330e-002 4.070406e-002 -9.989871e-001
-7.216757e+001 3.868535e+002 0.000000e+000 -2.134564e-002 4.712289e-002 -9.986610e-001
-7.218977e+001 3.864862e+002 0.000000e+000 -2.458058e-002 2.159398e-002 -9.994646e-001
-7.217295e+001 3.867928e+002 0.000000e+000 -2.179331e-002 2.642253e-002 -9.994133e-001
-7.217288e+001 3.869997e+002 0.000000e+000 -2.075237e-002 2.637242e-002 -9.994368e-001
-7.217816e+001 3.868245e+002 0.000000e+000 -1.987251e-002 3.458867e-002 -9.992040e-001
-7.218792e+001 3.868289e+002 0.000000e+000 -2.116794e-002 2.480023e-002 -9.994683e-001
-7.218374e+001 3.867326e+002 0.000000e+000 -2.161630e-002 3.331929e-002 -9.992110e-001
-7.216263e+001 3.871503e+002 0.000000e+000 -1.969429e-002 4.257776e-002 -9.988990e-001
-7.219300e+001 3.869427e+002 0.000000e+000 -2.086002e-002 1.709401e-002 -9.996363e-001
-7.218740e+001 3.864883e+002 0.000000e+000 -2.593265e-002 1.950514e-002 -9.994734e-001
-7.224232e+001 3.864933e+002 0.000000e+000 -2.030072e-002 1.368813e-002 -9.997002e-001
-7.216927e+001 3.869011e+002 0.000000e+000 -1.973212e-002 4.085796e-002 -9.989701e-001
-7.218415e+001 3.869013e+002 0.000000e+000 -2.040643e-002 2.899089e-002 -9.993714e-001
-7.218550e+001 3.867888e+002 0.000000e+000 -2.009573e-002 2.974409e-002 -9.993555e-001
-7.218467e+001 3.868500e+002 0.000000e+000 -2.022344e-002 3.491607e-002 -9.991856e-001
-7.216910e+001 3.867171e+002 0.000000e+000 -2.162257e-002 4.379957e-002 -9.988063e-001
-7.218063e+001 3.867557e+002 0.000000e+000 -2.120135e-002 4.685070e-002 -9.986769e-001
-7.217822e+001 3.868105e+002 0.000000e+000 -1.914992e-002 4.841572e-002 -9.986437e-001
-7.218128e+001 3.870479e+002 0.000000e+000 -2.063419e-002 4.178401e-002 -9.989136e-001
-7.220533e+001 3.871674e+002 0.000000e+000 -2.235971e-002 2.058591e-002 -9.995380e-001
-7.217635e+001 3.869946e+002 0.000000e+000 -2.221819e-002 3.228196e-002 -9.992318e-001
-7.219938e+001 3.870047e+002 0.000000e+000 -2.148728e-002 2.846402e-002 -9.993638e-001
-7.218974e+001 3.869965e+002 0.000000e+000 -2.445572e-002 2.981070e-002 -9.992563e-001
-7.219507e+001 3.869548e+002 0.000000e+000 -1.971178e-002 3.321284e-002 -9.992539e-001
-7.215626e+001 3.870801e+002 0.000000e+000 -1.913305e-002 4.064632e-002 -9.989904e-001
-7.217956e+001 3.868087e+002 0.000000e+000 -2.211286e-002 4.246259e-002 -9.988533e-001
-7.219701e+001 3.867707e+002 0.000000e+000 -2.080832e-002 2.356348e-002 -9.995058e-001
-7.221175e+001 3.866874e+002 0.000000e+000 -2.059370e-002 2.149613e-002 -9.995568e-001
-7.219571e+001 3.867118e+002 0.000000e+000 -2.390763e-002 2.370404e-002 -9.994331e-001
-7.219470e+001 3.870140e+002 0.000000e+000 -1.976294e-002 2.049421e-002 -9.995946e-001
-7.218213e+001 3.868955e+002 0.000000e+000 -2.208525e-002 3.468324e-002 -9.991543e-001
-7.219580e+001 3.869924e+002 0.000000e+000 -2.485993e-002 2.525908e-002 -9.993718e-001
-7.215309e+001 3.865191e+002 0.000000e+000 -2.237702e-002 4.564192e-002 -9.987072e-001
-7.220020e+001 3.869227e+002 0.000000e+000 -2.400371e-002 3.110304e-002 -9.992279e-001
-7.219189e+001 3.869682e+002 0.000000e+000 -2.409069e-002 3.177773e-002 -9.992046e-001
-7.220620e+001 3.870500e+002 0.000000e+000 -2.348544e-002 2.071357e-002 -9.995096e-001
-7.217242e+001 3.866196e+002 0.000000e+000 -2.014631e-002 3.128583e-002 -9.993074e-001
-7.219544e+001 3.869407e+002 0.000000e+000 -2.502506e-002 3.064722e-002 -9.992169e-001
-7.217982e+001 3.866605e+002 0.000000e+000 -2.355779e-002 2.219341e-002 -9.994761e-001
-7.218479e+001 3.867772e+002 0.000000e+000 -2.238585e-002 3.473983e-002 -9.991456e-001
-7.220856e+001 3.866304e+002 0.000000e+000 -2.008501e-002 2.002065e-002 -9.995978e-001
-7.217414e+001 3.873378e+002 0.000000e+000 -2.017691e-002 4.880818e-002 -9.986044e-001
-7.218542e+001 3.866836e+002 0.000000e+000 -1.989602e-002 2.649542e-002 -9.994509e-001
-7.218988e+001 3.873125e+002 0.000000e+000 -2.169276e-002 4.816288e-002 -9.986039e-001
-7.217600e+001 3.866507e+002 0.000000e+000 -2.278347e-002 3.474195e-002 -9.991366e-001
-7.217724e+001 3.871227e+002 0.000000e+000 -2.214810e-002 4.084225e-002 -9.989201e-001
-7.217037e+001 3.861735e+002 0.000000e+000 -2.699715e-002 1.712217e-002 -9.994889e-001
-7.218054e+001 3.866039e+002 0.000000e+000 -2.420367e-002 1.722018e-002 -9.995587e-001
-7.218262e+001 3.861897e+002 0.000000e+000 -2.417562e-002 1.357395e-002 -9.996156e-001
-7.219320e+001 3.866562e+002 0.000000e+000 -2.323987e-002 1.493899e-002 -9.996183e-001
-7.218255e+001 3.867016e+002 0.000000e+000 -2.265005e-002 4.256258e-002 -9.988370e-001
-7.216443e+001 3.869859e+002 0.000000e+000 -2.045173e-002 4.756494e-002 -9.986588e-001
-7.217561e+001 3.865563e+002 0.000000e+000 -2.426631e-002 3.099213e-002 -9.992250e-001
-7.220458e+001 3.864570e+002 0.000000e+000 -2.476600e-002 1.461645e-002 -9.995864e-001
-7.218314e+001 3.869290e+002 0.000000e+000 -2.113250e-002 2.972198e-002 -9.993348e-001
-7.220495e+001 3.869460e+002 0.000000e+000 -2.331999e-002 2.142635e-002 -9.994984e-001
-7.217654e+001 3.871794e+002 0.000000e+000 -1.937652e-002 3.231159e-002 -9.992900e-001
-7.218738e+001 3.868038e+002 0.000000e+000 -2.217334e-002 4.005917e-002 -9.989513e-001
-7.216330e+001 3.863078e+002 0.000000e+000 -2.595829e-002 2.078560e-002 -9.994469e-001
-7.219979e+001 3.873744e+002 0.000000e+000 -2.328755e-002 3.430478e-002 -9.991401e-001
-7.217969e+001 3.868228e+002 0.000000e+000 -2.034412e-002 2.638927e-002 -9.994447e-001
-7.217456e+001 3.870747e+002 0.000000e+000 -2.078019e-002 4.340449e-002 -9.988414e-001
-7.219064e+001 3.865870e+002 0.000000e+000 -2.451142e-002 1.332122e-002 -9.996108e-001
-7.217163e+001 3.868402e+002 0.000000e+000 -2.199823e-002 4.045572e-002 -9.989391e-001
-7.218406e+001 3.870381e+002 0.000000e+000 -2.101352e-002 4.474511e-002 -9.987774e-001
-7.217028e+001 3.866937e+002 0.000000e+000 -1.958157e-002 3.378840e-002 -9.992372e-001
-7.218804e+001 3.873473e+002 0.000000e+000 -2.098688e-002 3.982826e-002 -9.989861e-001
-7.218471e+001 3.869588e+002 0.000000e+000 -2.302398e-002 3.693028e-002 -9.990526e-001
-7.217504e+001 3.865570e+002 0.000000e+000 -2.149740e-002 2.436041e-002 -9.994721e-001
-7.221770e+001 3.866818e+002 0.000000e+000 -2.022309e-002 2.170105e-002 -9.995599e-001
-7.215471e+001 3.872101e+002 0.000000e+000 -1.886542e-002 4.717439e-002 -9.987085e-001
-7.218863e+001 3.863711e+002 0.000000e+000 -1.920023e-002 3.673598e-002 -9.991405e-001
-7.218099e+001 3.868343e+002 0.000000e+000 -1.967393e-002 2.748654e-002 -9.994285e-001
-7.218649e+001 3.867216e+002 0.000000e+000 -2.028463e-002 2.195473e-002 -9.995532e-001
-7.218173e+001 3.868584e+002 0.000000e+000 -1.996891e-002 2.947953e-002 -9.993659e-001
-7.216407e+001 3.870005e+002 0.000000e+000 -1.937224e-002 4.258716e-002 -9.989049e-001
-7.218161e+001 3.862079e+002 0.000000e+000 -2.489279e-002 1.352127e-002 -9.995987e-001
-7.217021e+001 3.870861e+002 0.000000e+000 -2.030186e-002 3.215720e-002 -9.992766e-001
-7.217826e+001 3.870138e+002 0.000000e+000 -2.240216e-002 2.902576e-002 -9.993276e-001
-7.217084e+001 3.867291e+002 0.000000e+000 -2.453025e-002 2.983769e-002 -9.992537e-001
-7.217294e+001 3.870042e+002 0.000000e+000 -2.121946e-002 3.818119e-002 -9.990455e-001
-7.217042e+001 3.862474e+002 0.000000e+000 -2.435024e-002 1.500479e-002 -9.995909e-001
-7.217894e+001 3.867551e+002 0.000000e+000 -2.377875e-002 2.198736e-002 -9.994754e-001
-7.219151e+001 3.869656e+002 0.000000e+000 -2.033361e-002 3.063476e-002 -9.993238e-001
-7.218417e+001 3.870914e+002 0.000000e+000 -2.239117e-002 3.660839e-002 -9.990788e-001
-7.222318e+001 3.863195e+002 0.000000e+000 -2.241729e-002 1.671259e-002 -9.996090e-001
-7.222557e+001 3.864119e+002 0.000000e+000 -2.099579e-002 1.579388e-002 -9.996548e-001
-7.219180e+001 3.871048e+002 0.000000e+000 -2.402496e-002 3.154925e-002 -9.992134e-001
-7.220811e+001 3.869294e+002 0.000000e+000 -2.034976e-002 2.335179e-002 -9.995202e-001
-7.221402e+001 3.867340e+002 0.000000e+000 -2.073022e-002 1.396784e-002 -9.996875e-001
-7.217568e+001 3.869338e+002 0.000000e+000 -2.092730e-002 3.618427e-002 -9.991260e-001
-7.218589e+001 3.869270e+002 0.000000e+000 -2.213871e-002 3.756168e-002 -9.990490e-001
-7.218053e+001 3.871991e+002 0.000000e+000 -2.089054e-002 4.451946e-002 -9.987901e-001
-7.219440e+001 3.864038e+002 0.000000e+000 -2.191870e-002 2.270150e-002 -9.995020e-001
-7.218909e+001 3.867637e+002 0.000000e+000 -2.173579e-002 2.675272e-002 -9.994057e-001
-7.219403e+001 3.866631e+002 0.000000e+000 -2.469186e-002 1.587377e-002 -9.995691e-001
-7.217447e+001 3.870416e+002 0.000000e+000 -1.984087e-002 3.160103e-002 -9.993036e-001
-7.217258e+001 3.865777e+002 0.000000e+000 -2.043727e-002 3.100923e-002 -9.993101e-001
-7.218928e+001 3.867057e+002 0.000000e+000 -2.408994e-002 2.074337e-002 -9.994946e-001
-7.219208e+001 3.870023e+002 0.000000e+000 -2.184537e-002 2.796836e-002 -9.993701e-001
-7.217557e+001 3.869289e+002 0.000000e+000 -2.118087e-002 4.345239e-002 -9.988309e-001
-7.220104e+001 3.867119e+002 0.000000e+000 -2.076289e-002 1.478428e-002 -9.996751e-001
-7.218322e+001 3.866344e+002 0.000000e+000 -2.574142e-002 2.059847e-002 -9.994564e-001
-7.222397e+001 3.865835e+002 0.000000e+000 -2.040001e-002 1.359001e-002 -9.996995e-001
-7.217193e+001 3.866836e+002 0.000000e+000 -2.000088e-002 2.886028e-002 -9.993833e-001
-7.219897e+001 3.869379e+002 0.000000e+000 -2.206422e-002 1.290792e-002 -9.996732e-001
-7.217863e+001 3.867993e+002 0.000000e+000 -2.099782e-002 4.171603e-002 -9.989088e-001
-7.219413e+001 3.865912e+002 0.000000e+000 -2.662837e-002 1.403397e-002 -9.995469e-001
-7.218152e+001 3.866566e+002 0.000000e+000 -2.538348e-002 2.135066e-002 -9.994498e-001
-7.221522e+001 3.863068e+002 0.000000e+000 -2.363949e-002 1.667496e-002 -9.995815e-001
-7.218570e+001 3.869800e+002 0.000000e+000 -2.063247e-002 3.009125e-002 -9.993342e-001
-7.217574e+001 3.870654e+002 0.000000e+000 -2.033038e-002 3.861738e-002 -9.990472e-001
-7.218160e+001 3.866246e+002 0.000000e+000 -2.062594e-002 3.978603e-002 -9.989953e-001
-7.221156e+001 3.866266e+002 0.000000e+000 -2.057770e-002 1.538926e-002 -9.996698e-001
-7.218003e+001 3.869848e+002 0.000000e+000 -2.190283e-002 3.673311e-002 -9.990851e-001
-7.218949e+001 3.867965e+002 0.000000e+000 -2.553297e-002 1.755653e-002 -9.995198e-001
-7.218249e+001 3.872264e+002 0.000000e+000 -1.976427e-002 3.306810e-002 -9.992577e-001
-7.219991e+001 3.864968e+002 0.000000e+000 -2.193999e-002 1.803850e-002 -9.995965e-001
-7.218273e+001 3.865299e+002 0.000000e+000 -1.991969e-002 2.633993e-002 -9.994546e-001
-7.215649e+001 3.863078e+002 0.000000e+000 -2.560665e-002 1.520082e-002 -9.995565e-001
-7.217933e+001 3.873504e+002 0.000000e+000 -2.060788e-002 3.527801e-002 -9.991650e-001
-7.219994e+001 3.866052e+002 0.000000e+000 -2.279280e-002 1.264324e-002 -9.996603e-001
-7.216210e+001 3.864678e+002 0.000000e+000 -2.454975e-002 2.752688e-002 -9.993196e-001
-7.218485e+001 3.865473e+002 0.000000e+000 -2.065579e-002 2.468263e-002 -9.994819e-001
-7.220425e+001 3.872069e+002 0.000000e+000 -2.403124e-002 2.829465e-002 -9.993107e-001
-7.219480e+001 3.871285e+002 0.000000e+000 -2.405832e-002 3.241898e-002 -9.991848e-001
-7.221280e+001 3.864167e+002 0.000000e+000 -2.178674e-002 1.514914e-002 -9.996479e-001
-7.219089e+001 3.870690e+002 0.000000e+000 -2.251206e-002 3.113840e-002 -9.992615e-001
-7.218805e+001 3.870103e+002 0.000000e+000 -2.224556e-002 4.221528e-002 -9.988609e-001
-7.220309e+001 3.865315e+002 0.000000e+000 -2.098262e-002 3.307851e-002 -9.992325e-001
-7.219143e+001 3.867719e+002 0.000000e+000 -1.966093e-002 3.045533e-002 -9.993427e-001
-7.217617e+001 3.870150e+002 0.000000e+000 -2.166493e-002 3.842725e-002 -9.990265e-001
-7.218986e+001 3.870004e+002 0.000000e+000 -2.249493e-002 3.568513e-002 -9.991099e-001
-7.220931e+001 3.867371e+002 0.000000e+000 -2.265856e-002 1.311058e-002 -9.996573e-001
-7.218640e+001 3.869095e+002 0.000000e+000 -1.961020e-002 3.280112e-002 -9.992695e-001
-7.219097e+001 3.862468e+002 0.000000e+000 -2.586355e-002 1.709473e-002 -9.995193e-001
-7.216873e+001 3.867181e+002 0.000000e+000 -2.212212e-002 4.652712e-002 -9.986720e-001
-7.220725e+001 3.868119e+002 0.000000e+000 -1.971595e-002 1.768356e-002 -9.996492e-001
-7.218377e+001 3.865889e+002 0.000000e+000 -2.347375e-002 2.516444e-002 -9.994077e-001
-7.216060e+001 3.863977e+002 0.000000e+000 -2.513766e-002 1.956283e-002 -9.994926e-001
-7.221473e+001 3.866931e+002 0.000000e+000 -2.012638e-002 1.503349e-002 -9.996844e-001
-7.216415e+001 3.872359e+002 0.000000e+000 -1.943484e-002 4.520359e-002 -9.987887e-001
-7.218198e+001 3.866641e+002 0.000000e+000 -2.250411e-002 2.770834e-002 -9.993627e-001
-7.224065e+001 3.861845e+002 0.000000e+000 -2.062738e-002 1.379249e-002 -9.996921e-001
-7.219740e+001 3.866875e+002 0.000000e+000 -2.164983e-002 2.033130e-002 -9.995589e-001
-7.220032e+001 3.872470e+002 0.000000e+000 -2.244306e-002 4.375866e-002 -9.987900e-001
-7.220639e+001 3.867313e+002 0.000000e+000 -2.043367e-002 1.741433e-002 -9.996395e-001
-7.218000e+001 3.873798e+002 0.000000e+000 -2.071714e-002 4.498946e-002 -9.987726e-001
-7.219334e+001 3.866060e+002 0.000000e+000 -2.185448e-002 1.708569e-002 -9.996152e-001
-7.218728e+001 3.868355e+002 0.000000e+000 -2.474595e-002 2.770778e-002 -9.993097e-001
-7.221150e+001 3.871886e+002 0.000000e+000 -2.478516e-002 1.797513e-002 -9.995312e-001
-7.217998e+001 3.869016e+002 0.000000e+000 -2.049016e-002 3.480309e-002 -9.991841e-001
-7.217586e+001 3.873504e+002 0.000000e+000 -1.993068e-002 3.317090e-002 -9.992509e-001
-7.217235e+001 3.870782e+002 0.000000e+000 -2.085079e-002 4.530040e-002 -9.987558e-001
-7.217682e+001 3.863832e+002 0.000000e+000 -2.467581e-002 1.521407e-002 -9.995797e-001
-7.219046e+001 3.866569e+002 0.000000e+000 -2.545723e-002 1.590525e-002 -9.995494e-001
-7.218935e+001 3.869291e+002 0.000000e+000 -2.468931e-002 3.115627e-002 -9.992095e-001
-7.216805e+001 3.868638e+002 0.000000e+000 -2.012062e-002 4.517424e-002 -9.987765e-001
-7.223904e+001 3.862607e+002 0.000000e+000 -1.989727e-002 1.314002e-002 -9.997157e-001
-7.220098e+001 3.871997e+002 0.000000e+000 -2.290296e-002 3.731668e-002 -9.990410e-001
-7.220792e+001 3.864967e+002 0.000000e+000 -2.331955e-002 1.879794e-002 -9.995513e-001
-7.222453e+001 3.870974e+002 0.000000e+000 -2.349569e-002 1.703338e-002 -9.995788e-001
-7.217178e+001 3.870526e+002 0.000000e+000 -2.077027e-002 3.880436e-002 -9.990309e-001
-7.218701e+001 3.872062e+002 0.000000e+000 -2.161315e-002 2.967227e-002 -9.993260e-001
-7.221581e+001 3.867254e+002 0.000000e+000 -2.212189e-002 1.656139e-002 -9.996181e-001
-7.219287e+001 3.870868e+002 0.000000e+000 -2.263976e-002 3.304813e-002 -9.991973e-001
-7.217533e+001 3.866680e+002 0.000000e+000 -2.414743e-002 3.263224e-002 -9.991757e-001
-7.218630e+001 3.869545e+002 0.000000e+000 -2.229431e-002 2.243182e-002 -9.994998e-001
-7.218375e+001 3.866742e+002 0.000000e+000 -1.909104e-002 3.347495e-002 -9.992572e-001
-7.219397e+001 3.870946e+002 0.000000e+000 -2.414794e-002 3.277434e-002 -9.991710e-001
-7.221124e+001 3.864427e+002 0.000000e+000 -2.142306e-002 1.259451e-002 -9.996912e-001
-7.217463e+001 3.866681e+002 0.000000e+000 -2.050201e-002 2.899801e-002 -9.993692e-001
-7.219522e+001 3.868489e+002 0.000000e+000 -2.258410e-002 1.557665e-002 -9.996236e-001
-7.217971e+001 3.868062e+002 0.000000e+000 -2.341371e-002 4.464298e-002 -9.987286e-001
-7.218361e+001 3.869833e+002 0.000000e+000 -2.392178e-002 2.995636e-002 -9.992649e-001
-7.219620e+001 3.872859e+002 0.000000e+000 -2.249501e-002 2.735705e-002 -9.993726e-001
-7.216948e+001 3.865845e+002 0.000000e+000 -2.387760e-002 2.957239e-002 -9.992774e-001
-7.219096e+001 3.867564e+002 0.000000e+000 -2.020341e-002 2.759425e-002 -9.994150e-001
-7.216664e+001 3.863731e+002 0.000000e+000 -2.642161e-002 1.377401e-002 -9.995560e-001
-7.218007e+001 3.870398e+002 0.000000e+000 -2.104836e-002 4.413804e-002 -9.988037e-001
-7.219394e+001 3.871470e+002 0.000000e+000 -2.346584e-002 3.176227e-002 -9.992200e-001
-7.218749e+001 3.871523e+002 0.000000e+000 -2.259682e-002 3.940915e-002 -9.989676e-001
-7.220822e+001 3.867098e+002 0.000000e+000 -2.249664e-002 2.082650e-002 -9.995300e-001
-7.216899e+001 3.870698e+002 0.000000e+000 -2.024528e-002 3.823063e-002 -9.990638e-001
-7.221721e+001 3.868960e+002 0.000000e+000 -2.056242e-002 1.710610e-002 -9.996422e-001
-7.217939e+001 3.866812e+002 0.000000e+000 -2.536474e-002 2.610126e-002 -9.993375e-001
-7.217817e+001 3.869816e+002 0.000000e+000 -2.278034e-002 3.872392e-002 -9.989902e-001
-7.219814e+001 3.869737e+002 0.000000e+000 -2.361097e-002 3.080619e-002 -9.992465e-001
-7.221235e+001 3.871133e+002 0.000000e+000 -2.550866e-002 2.324735e-002 -9.994043e-001
-7.216906e+001 3.868538e+002 0.000000e+000 -2.011366e-002 3.600729e-002 -9.991491e-001
-7.216526e+001 3.864758e+002 0.000000e+000 -2.211866e-002 4.648466e-002 -9.986741e-001
-7.218632e+001 3.865209e+002 0.000000e+000 -2.522453e-002 2.144974e-002 -9.994517e-001
-7.217252e+001 3.865824e+002 0.000000e+000 -2.213720e-002 4.421265e-002 -9.987768e-001
-7.219003e+001 3.865452e+002 0.000000e+000 -2.120975e-002 1.932205e-002 -9.995883e-001
-7.216938e+001 3.865518e+002 0.000000e+000 -2.462285e-002 2.479731e-002 -9.993892e-001
-7.217757e+001 3.866102e+002 0.000000e+000 -2.484485e-002 2.517304e-002 -9.993743e-001
-7.220811e+001 3.875489e+002 0.000000e+000 -2.244002e-002 4.163054e-002 -9.988810e-001
-7.217031e+001 3.871526e+002 0.000000e+000 -1.944645e-002 2.705918e-002 -9.994447e-001
-7.219295e+001 3.865800e+002 0.000000e+000 -2.287668e-002 1.503580e-002 -9.996252e-001
-7.219003e+001 3.864860e+002 0.000000e+000 -1.943943e-002 3.206312e-002 -9.992968e-001
-7.220924e+001 3.864163e+002 0.000000e+000 -2.075681e-002 2.344384e-002 -9.995097e-001
-7.216801e+001 3.868732e+002 0.000000e+000 -2.003125e-002 4.305317e-002 -9.988720e-001
-7.217739e+001 3.870560e+002 0.000000e+000 -2.033192e-002 4.803668e-002 -9.986386e-001
-7.218827e+001 3.871864e+002 0.000000e+000 -2.173843e-002 4.901763e-002 -9.985613e-001
-7.220943e+001 3.865731e+002 0.000000e+000 -2.113112e-002 2.567687e-002 -9.994469e-001
-7.217311e+001 3.870610e+002 0.000000e+000 -2.137022e-002 3.592340e-002 -9.991260e-001
-7.217174e+001 3.867293e+002 0.000000e+000 -2.293046e-002 4.147153e-002 -9.988765e-001
-7.216558e+001 3.867147e+002 0.000000e+000 -2.146556e-002 4.555024e-002 -9.987314e-001
-7.220744e+001 3.866220e+002 0.000000e+000 -1.982987e-002 1.545508e-002 -9.996839e-001
-7.218172e+001 3.867472e+002 0.000000e+000 -2.393114e-002 2.936872e-002 -9.992821e-001
-7.220164e+001 3.869099e+002 0.000000e+000 -2.094888e-002 2.857836e-002 -9.993720e-001
-7.219600e+001 3.872529e+002 0.000000e+000 -2.401559e-002 3.177524e-002 -9.992065e-001
-7.218868e+001 3.867557e+002 0.000000e+000 -2.242859e-002 2.475598e-002 -9.994419e-001
-7.218076e+001 3.867861e+002 0.000000e+000 -1.949602e-002 2.898780e-002 -9.993896e-001
-7.220100e+001 3.868428e+002 0.000000e+000 -2.405305e-002 1.856687e-002 -9.995383e-001
-7.220455e+001 3.871356e+002 0.000000e+000 -2.130426e-002 1.268681e-002 -9.996925e-001
-7.218100e+001 3.862453e+002 0.000000e+000 -2.371436e-002 1.520781e-002 -9.996031e-001
-7.217443e+001 3.868275e+002 0.000000e+000 -2.221513e-002 3.690404e-002 -9.990719e-001
-7.219438e+001 3.869936e+002 0.000000e+000 -2.071641e-002 2.755931e-002 -9.994055e-001
-7.220213e+001 3.862058e+002 0.000000e+000 -2.346777e-002 1.884301e-002 -9.995470e-001
-7.219380e+001 3.865353e+002 0.000000e+000 -1.933663e-002 3.704045e-002 -9.991267e-001
-7.219452e+001 3.868534e+002 0.000000e+000 -2.417532e-002 3.101636e-002 -9.992265e-001
-7.218595e+001 3.865632e+002 0.000000e+000 -2.556910e-002 1.351951e-002 -9.995816e-001
-7.215866e+001 3.870933e+002 0.000000e+000 -1.899314e-002 3.879728e-002 -9.990666e-001
-7.220149e+001 3.870095e+002 0.000000e+000 -2.473409e-002 2.853658e-002 -9.992867e-001
-7.217949e+001 3.869937e+002 0.000000e+000 -1.984821e-002 4.238601e-002 -9.989041e-001
-7.220240e+001 3.861802e+002 0.000000e+000 -2.103231e-002 2.823761e-002 -9.993799e-001
-7.220068e+001 3.867685e+002 0.000000e+000 -2.280334e-002 2.161584e-002 -9.995063e-001
-7.218468e+001 3.871140e+002 0.000000e+000 -2.038185e-002 3.968654e-002 -9.990043e-001
-7.218233e+001 3.867199e+002 0.000000e+000 -2.617305e-002 1.269765e-002 -9.995768e-001
-7.218501e+001 3.870342e+002 0.000000e+000 -2.284518e-002 4.208227e-002 -9.988529e-001
-7.218091e+001 3.867572e+002 0.000000e+000 -2.303754e-002 2.711652e-002 -9.993668e-001
-7.219582e+001 3.869507e+002 0.000000e+000 -2.094735e-002 2.046090e-002 -9.995712e-001
-7.218878e+001 3.866634e+002 0.000000e+000 -2.520055e-002 1.833663e-002 -9.995142e-001
-7.218939e+001 3.866963e+002 0.000000e+000 -2.319946e-002 1.957240e-002 -9.995392e-001
-7.219130e+001 3.863150e+002 0.000000e+000 -1.997388e-002 3.412184e-002 -9.992181e-001
-7.221116e+001 3.868440e+002 0.000000e+000 -2.070324e-002 1.671606e-002 -9.996459e-001
-7.219025e+001 3.867716e+002 0.000000e+000 -2.345671e-002 2.561912e-002 -9.993965e-001
-7.219310e+001 3.868036e+002 0.000000e+000 -2.382865e-002 2.822161e-002 -9.993176e-001
-7.216979e+001 3.873152e+002 0.000000e+000 -1.999073e-002 4.207592e-002 -9.989144e-001
-7.217332e+001 3.868674e+002 0.000000e+000 -2.035854e-002 3.600181e-002 -9.991443e-001
-7.218932e+001 3.872836e+002 0.000000e+000 -2.217745e-002 3.264435e-002 -9.992210e-001
-7.222071e+001 3.866517e+002 0.000000e+000 -2.011793e-002 1.275934e-002 -9.997162e-001
-7.220077e+001 3.868452e+002 0.000000e+000 -2.501492e-002 3.105994e-002 -9.992045e-001
-7.218749e+001 3.868520e+002 0.000000e+000 -2.410419e-002 1.264279e-002 -9.996295e-001
-7.217908e+001 3.868811e+002 0.000000e+000 -1.983461e-002 3.450938e-002 -9.992075e-001
-7.216092e+001 3.864893e+002 0.000000e+000 -2.270595e-002 4.644152e-002 -9.986629e-001
-7.220732e+001 3.867034e+002 0.000000e+000 -2.030419e-002 1.811546e-002 -9.996297e-001
-7.218068e+001 3.866019e+002 0.000000e+000 -2.122193e-002 3.265662e-002 -9.992413e-001
-7.219051e+001 3.864212e+002 0.000000e+000 -2.225451e-002 2.606032e-002 -9.994126e-001
-7.219597e+001 3.866921e+002 0.000000e+000 -2.482082e-002 2.177541e-002 -9.994547e-001
-7.218283e+001 3.867453e+002 0.000000e+000 -2.372455e-002 4.237185e-002 -9.988202e-001
-7.220117e+001 3.869648e+002 0.000000e+000 -2.442265e-002 1.851108e-002 -9.995303e-001
-7.216876e+001 3.868380e+002 0.000000e+000 -2.100193e-002 4.499071e-002 -9.987666e-001
-7.218955e+001 3.873882e+002 0.000000e+000 -2.196251e-002 3.921968e-002 -9.989892e-001
-7.218622e+001 3.864307e+002 0.000000e+000 -2.344824e-002 2.350104e-002 -9.994488e-001
-7.221697e+001 3.870887e+002 0.000000e+000 -2.251013e-002 1.908918e-002 -9.995644e-001
-7.216861e+001 3.866438e+002 0.000000e+000 -1.939705e-002 3.579763e-002 -9.991708e-001
-7.220122e+001 3.864844e+002 0.000000e+000 -1.974117e-002 2.257566e-002 -9.995502e-001
-7.218534e+001 3.869794e+002 0.000000e+000 -2.554357e-002 1.723816e-002 -9.995251e-001
-7.219854e+001 3.863928e+002 0.000000e+000 -2.185374e-002 2.815754e-002 -9.993646e-001
-7.219205e+001 3.869239e+002 0.000000e+000 -2.455912e-002 3.567108e-002 -9.990618e-001
-7.222726e+001 3.864372e+002 0.000000e+000 -2.146585e-002 1.459342e-002 -9.996631e-001
-7.218040e+001 3.871799e+002 0.000000e+000 -2.117682e-002 4.584023e-002 -9.987243e-001
-7.216464e+001 3.865083e+002 0.000000e+000 -2.491296e-002 2.031078e-002 -9.994833e-001
-7.219433e+001 3.869117e+002 0.000000e+000 -2.603046e-002 1.388211e-002 -9.995648e-001
-7.219423e+001 3.867088e+002 0.000000e+000 -2.178807e-002 1.996473e-002 -9.995632e-001
-7.218765e+001 3.871095e+002 0.000000e+000 -2.299987e-002 4.005803e-002 -9.989326e-001
-7.216336e+001 3.865031e+002 0.000000e+000 -2.419083e-002 1.956517e-002 -9.995159e-001
-7.220957e+001 3.868267e+002 0.000000e+000 -2.374644e-002 1.355356e-002 -9.996261e-001
-7.220224e+001 3.866687e+002 0.000000e+000 -2.489825e-002 1.449198e-002 -9.995849e-001
-7.215771e+001 3.871167e+002 0.000000e+000 -1.869422e-002 3.825052e-002 -9.990933e-001
-7.218895e+001 3.862171e+002 0.000000e+000 -2.401931e-002 1.572029e-002 -9.995879e-001
-7.217982e+001 3.863883e+002 0.000000e+000 -2.128357e-002 3.714925e-002 -9.990831e-001
-7.218818e+001 3.868140e+002 0.000000e+000 -2.024762e-002 2.960335e-002 -9.993566e-001
-7.216824e+001 3.870873e+002 0.000000e+000 -1.962743e-002 4.835324e-002 -9.986374e-001
-7.220620e+001 3.863988e+002 0.000000e+000 -2.207788e-002 2.159478e-002 -9.995230e-001
-7.217136e+001 3.868180e+002 0.000000e+000 -2.012095e-002 3.860573e-002 -9.990519e-001
-7.219111e+001 3.869140e+002 0.000000e+000 -2.045915e-002 1.705104e-002 -9.996453e-001
-7.220548e+001 3.867199e+002 0.000000e+000 -2.049468e-002 2.568702e-002 -9.994599e-001
-7.221396e+001 3.867025e+002 0.000000e+000 -1.966349e-002 1.233520e-002 -9.997306e-001
-7.216831e+001 3.871643e+002 0.000000e+000 -1.933525e-002 4.861276e-002 -9.986305e-001
-7.216143e+001 3.867842e+002 0.000000e+000 -1.997922e-002 4.248846e-002 -9.988972e-001
-7.221402e+001 3.870451e+002 0.000000e+000 -2.174707e-002 1.315878e-002 -9.996769e-001
-7.218773e+001 3.868011e+002 0.000000e+000 -2.524805e-002 2.566276e-002 -9.993518e-001
-7.219019e+001 3.870875e+002 0.000000e+000 -2.056857e-002 3.336418e-002 -9.992316e-001
-7.215528e+001 3.863811e+002 0.000000e+000 -2.518125e-002 2.235088e-002 -9.994330e-001
-7.220795e+001 3.866156e+002 0.000000e+000 -2.233466e-002 1.597850e-002 -9.996229e-001
-7.219392e+001 3.870503e+002 0.000000e+000 -2.317362e-002 3.075702e-002 -9.992582e-001
-7.218158e+001 3.865440e+002 0.000000e+000 -2.514438e-002 2.606660e-002 -9.993439e-001
-7.218749e+001 3.867869e+002 0.000000e+000 -2.092944e-002 3.282336e-002 -9.992420e-001
-7.219732e+001 3.865443e+002 0.000000e+000 -2.285943e-002 2.034619e-002 -9.995316e-001
-7.220961e+001 3.865701e+002 0.000000e+000 -2.409361e-002 1.434665e-002 -9.996068e-001
-7.219499e+001 3.867985e+002 0.000000e+000 -2.184554e-002 2.271572e-002 -9.995033e-001
-7.216368e+001 3.870146e+002 0.000000e+000 -1.901506e-002 4.076009e-002 -9.989880e-001
-7.217405e+001 3.868193e+002 0.000000e+000 -2.128875e-002 3.580070e-002 -9.991322e-001
-7.217917e+001 3.870117e+002 0.000000e+000 -2.130836e-002 4.361390e-002 -9.988212e-001
-7.221075e+001 3.866373e+002 0.000000e+000 -2.200476e-002 1.318226e-002 -9.996710e-001
-7.217925e+001 3.867856e+002 0.000000e+000 -1.916805e-002 3.629006e-002 -9.991575e-001
-7.216834e+001 3.869412e+002 0.000000e+000 -1.888192e-002 4.105159e-002 -9.989786e-001
-7.218101e+001 3.873267e+002 0.000000e+000 -2.096239e-002 4.784889e-002 -9.986346e-001
-7.219371e+001 3.867643e+002 0.000000e+000 -2.205096e-002 2.282064e-002 -9.994964e-001
-7.219961e+001 3.872661e+002 0.000000e+000 -2.254467e-002 3.282219e-002 -9.992069e-001
-7.218351e+001 3.866508e+002 0.000000e+000 -2.539635e-002 1.770791e-002 -9.995206e-001
-7.216713e+001 3.871688e+002 0.000000e+000 -2.091904e-002 3.120369e-002 -9.992941e-001
-7.218397e+001 3.866406e+002 0.000000e+000 -1.980488e-002 3.421522e-002 -9.992182e-001
-7.217154e+001 3.865810e+002 0.000000e+000 -2.171571e-002 3.140574e-002 -9.992708e-001
-7.219419e+001 3.869409e+002 0.000000e+000 -2.154967e-002 2.720606e-002 -9.993975e-001
-7.219714e+001 3.867285e+002 0.000000e+000 -2.255622e-002 2.040650e-002 -9.995373e-001
-7.219482e+001 3.873316e+002 0.000000e+000 -2.340831e-002 3.175149e-002 -9.992216e-001
-7.218736e+001 3.873534e+002 0.000000e+000 -2.194198e-002 3.127821e-002 -9.992698e-001
-7.217762e+001 3.866719e+002 0.000000e+000 -2.436943e-002 2.271520e-002 -9.994449e-001
-7.219869e+001 3.866366e+002 0.000000e+000 -2.083647e-002 2.005074e-002 -9.995818e-001
-7.220426e+001 3.867748e+002 0.000000e+000 -2.252149e-002 2.581292e-002 -9.994131e-001
-7.218016e+001 3.869754e+002 0.000000e+000 -2.115192e-002 3.361229e-002 -9.992111e-001
-7.218556e+001 3.868738e+002 0.000000e+000 -2.180379e-002 3.935734e-002 -9.989873e-001
-7.219351e+001 3.872551e+002 0.000000e+000 -2.185119e-002 4.827714e-002 -9.985949e-001
-7.220618e+001 3.862547e+002 0.000000e+000 -2.187834e-002 2.621939e-002 -9.994168e-001
-7.220025e+001 3.865669e+002 0.000000e+000 -1.961926e-002 2.161397e-002 -9.995739e-001
-7.216855e+001 3.870266e+002 0.000000e+000 -2.108004e-002 4.298272e-002 -9.988534e-001
-7.215964e+001 3.873170e+002 0.000000e+000 -1.882524e-002 4.727945e-002 -9.987043e-001
-7.219959e+001 3.869806e+002 0.000000e+000 -2.375928e-002 2.487657e-002 -9.994082e-001
-7.217945e+001 3.868657e+002 0.000000e+000 -2.162888e-002 4.898262e-002 -9.985654e-001
-7.217754e+001 3.865127e+002 0.000000e+000 -2.434442e-002 1.744707e-002 -9.995514e-001
-7.218277e+001 3.864795e+002 0.000000e+000 -2.301303e-002 3.101781e-002 -9.992539e-001
-7.219148e+001 3.870189e+002 0.000000e+000 -2.216164e-002 3.962551e-002 -9.989688e-001
-7.220758e+001 3.871606e+002 0.000000e+000 -2.461506e-002 1.543647e-002 -9.995778e-001
-7.218019e+001 3.870889e+002 0.000000e+000 -2.246346e-002 4.351472e-002 -9.988002e-001
-7.218935e+001 3.866226e+002 0.000000e+000 -1.946492e-002 3.393437e-002 -9.992345e-001
-7.217558e+001 3.868885e+002 0.000000e+000 -2.069204e-002 3.902714e-002 -9.990239e-001
-7.221794e+001 3.864465e+002 0.000000e+000 -2.017298e-002 1.273602e-002 -9.997154e-001
-7.219202e+001 3.866713e+002 0.000000e+000 -2.049366e-002 3.054309e-002 -9.993233e-001
-7.220511e+001 3.867892e+002 0.000000e+000 -2.312552e-002 1.893964e-002 -9.995532e-001
-7.215896e+001 3.872228e+002 0.000000e+000 -1.952265e-002 3.589302e-002 -9.991649e-001
-7.218473e+001 3.863874e+002 0.000000e+000 -2.564032e-002 1.925183e-002 -9.994858e-001
-7.218916e+001 3.869016e+002 0.000000e+000 -1.998502e-002 2.791122e-002 -9.994106e-001
-7.221105e+001 3.873098e+002 0.000000e+000 -2.334611e-002 3.978933e-002 -9.989353e-001
-7.219927e+001 3.868872e+002 0.000000e+000 -2.258253e-002 2.019348e-002 -9.995410e-001
-7.220697e+001 3.866498e+002 0.000000e+000 -2.007427e-002 1.510706e-002 -9.996844e-001
-7.218460e+001 3.867796e+002 0.000000e+000 -2.499099e-002 2.189498e-002 -9.994479e-001
-7.215452e+001 3.874305e+002 0.000000e+000 -1.888728e-002 4.845929e-002 -9.986466e-001
-7.220071e+001 3.869876e+002 0.000000e+000 -2.491629e-002 1.864330e-002 -9.995157e-001
-7.218533e+001 3.869046e+002 0.000000e+000 -2.136088e-002 2.793540e-002 -9.993815e-001
-7.216360e+001 3.863524e+002 0.000000e+000 -2.108453e-002 3.579426e-002 -9.991367e-001
-7.218161e+001 3.869052e+002 0.000000e+000 -2.149752e-002 4.822543e-002 -9.986051e-001
-7.216299e+001 3.869745e+002 0.000000e+000 -1.874828e-002 4.288292e-002 -9.989042e-001
-7.219512e+001 3.864323e+002 0.000000e+000 -2.376753e-002 1.849411e-002 -9.995464e-001
-7.219885e+001 3.865418e+002 0.000000e+000 -2.534290e-002 1.350607e-002 -9.995876e-001
-7.221731e+001 3.863686e+002 0.000000e+000 -2.164416e-002 1.913907e-002 -9.995825e-001
-7.220685e+001 3.872225e+002 0.000000e+000 -2.310597e-002 4.686035e-002 -9.986342e-001
-7.216270e+001 3.872565e+002 0.000000e+000 -1.963624e-002 3.350557e-002 -9.992456e-001
-7.218576e+001 3.870201e+002 0.000000e+000 -2.248753e-002 2.874986e-002 -9.993337e-001
-7.216315e+001 3.863843e+002 0.000000e+000 -2.489819e-002 1.721216e-002 -9.995418e-001
-7.217742e+001 3.867326e+002 0.000000e+000 -2.519678e-002 2.061778e-002 -9.994699e-001
-7.220616e+001 3.870165e+002 0.000000e+000 -2.428899e-002 3.332950e-002 -9.991492e-001
-7.220813e+001 3.864828e+002 0.000000e+000 -2.180158e-002 2.615457e-002 -9.994201e-001
-7.218731e+001 3.870106e+002 0.000000e+000 -2.139613e-002 3.494341e-002 -9.991602e-001
-7.218206e+001 3.869119e+002 0.000000e+000 -2.383762e-002 2.716928e-002 -9.993466e-001
-7.218435e+001 3.868689e+002 0.000000e+000 -2.201767e-002 3.469757e-002 -9.991553e-001
-7.220398e+001 3.867440e+002 0.000000e+000 -1.987213e-002 2.343206e-002 -9.995279e-001
-7.216898e+001 3.868491e+002 0.000000e+000 -1.959945e-002 3.339537e-002 -9.992500e-001
-7.218323e+001 3.867379e+002 0.000000e+000 -2.380394e-002 2.257985e-002 -9.994616e-001
-7.216852e+001 3.869658e+002 0.000000e+000 -2.037433e-002 2.881985e-002 -9.993770e-001
-7.217334e+001 3.875506e+002 0.000000e+000 -2.006022e-002 4.469502e-002 -9.987993e-001
-7.217153e+001 3.871901e+002 0.000000e+000 -1.999918e-002 3.780432e-002 -9.990850e-001
-7.219822e+001 3.869513e+002 0.000000e+000 -2.201559e-002 2.020694e-002 -9.995534e-001
-7.220496e+001 3.867354e+002 0.000000e+000 -2.273973e-002 2.598140e-002 -9.994038e-001
-7.218195e+001 3.867072e+002 0.000000e+000 -2.252099e-002 2.527319e-002 -9.994269e-001
-7.220886e+001 3.865864e+002 0.000000e+000 -2.285871e-002 1.584886e-002 -9.996131e-001
-7.218033e+001 3.862837e+002 0.000000e+000 -2.410138e-002 1.569500e-002 -9.995863e-001
-7.218897e+001 3.867151e+002 0.000000e+000 -2.290915e-002 3.317867e-002 -9.991868e-001
-7.220233e+001 3.866858e+002 0.000000e+000 -2.364849e-002 1.875861e-002 -9.995443e-001
-7.219525e+001 3.871240e+002 0.000000e+000 -2.195486e-002 4.454727e-002 -9.987660e-001
-7.219688e+001 3.866427e+002 0.000000e+000 -2.584856e-002 1.404125e-002 -9.995673e-001
-7.220483e+001 3.869490e+002 0.000000e+000 -2.566624e-002 2.059130e-002 -9.994585e-001
-7.220954e+001 3.873822e+002 0.000000e+000 -2.259268e-002 4.594478e-002 -9.986885e-001
-7.217128e+001 3.867978e+002 0.000000e+000 -1.917093e-002 3.836994e-002 -9.990797e-001
-7.221832e+001 3.862849e+002 0.000000e+000 -2.128952e-002 1.640657e-002 -9.996387e-001
-7.218310e+001 3.873514e+002 0.000000e+000 -2.108606e-002 4.846265e-002 -9.986024e-001
-7.219647e+001 3.868295e+002 0.000000e+000 -2.357871e-002 2.835854e-002 -9.993197e-001
-7.217420e+001 3.872593e+002 0.000000e+000 -2.042278e-002 4.791466e-002 -9.986426e-001
-7.218893e+001 3.873475e+002 0.000000e+000 -2.230837e-002 3.915142e-002 -9.989842e-001
-7.218564e+001 3.868882e+002 0.000000e+000 -2.228479e-002 3.493357e-002 -9.991411e-001
-7.218288e+001 3.864593e+002 0.000000e+000 -2.561785e-002 2.160236e-002 -9.994384e-001
-7.218905e+001 3.868349e+002 0.000000e+000 -1.967671e-002 2.454113e-002 -9.995052e-001
-7.217316e+001 3.869668e+002 0.000000e+000 -2.011670e-002 4.375223e-002 -9.988399e-001
-7.218352e+001 3.867522e+002 0.000000e+000 -1.929310e-002 2.660369e-002 -9.994599e-001
-7.223212e+001 3.866627e+002 0.000000e+000 -2.045983e-002 1.450567e-002 -9.996854e-001
-7.217671e+001 3.866629e+002 0.000000e+000 -2.592887e-002 1.804077e-002 -9.995010e-001
-7.218684e+001 3.868442e+002 0.000000e+000 -1.987531e-002 2.744131e-002 -9.994258e-001
-7.219232e+001 3.866115e+002 0.000000e+000 -2.009202e-002 3.295076e-002 -9.992550e-001
-7.219699e+001 3.865955e+002 0.000000e+000 -2.323118e-002 1.297071e-002 -9.996460e-001
-7.218985e+001 3.866130e+002 0.000000e+000 -2.305130e-002 2.015545e-002 -9.995311e-001
-7.219374e+001 3.866745e+002 0.000000e+000 -2.269721e-002 2.025313e-002 -9.995372e-001
-7.222702e+001 3.865943e+002 0.000000e+000 -2.023850e-002 1.337510e-002 -9.997057e-001
-7.218781e+001 3.870650e+002 0.000000e+000 -2.408535e-002 2.889433e-002 -9.992923e-001
-7.218132e+001 3.871400e+002 0.000000e+000 -2.083598e-002 4.890782e-002 -9.985859e-001
-7.223168e+001 3.865256e+002 0.000000e+000 -1.976572e-002 1.272937e-002 -9.997236e-001
-7.218410e+001 3.867881e+002 0.000000e+000 -2.042655e-002 3.446356e-002 -9.991972e-001
-7.216695e+001 3.871028e+002 0.000000e+000 -2.004139e-002 3.569700e-002 -9.991617e-001
-7.217227e+001 3.864116e+002 0.000000e+000 -2.568680e-002 2.631440e-002 -9.993236e-001
-7.216018e+001 3.874112e+002 0.000000e+000 -1.914285e-002 3.922898e-002 -9.990469e-001
-7.221175e+001 3.872974e+002 0.000000e+000 -2.366225e-002 3.550171e-002 -9.990894e-001
-7.219463e+001 3.865269e+002 0.000000e+000 -1.981834e-002 3.007222e-002 -9.993512e-001
-7.218959e+001 3.867489e+002 0.000000e+000 -2.455316e-002 2.846464e-002 -9.992932e-001
-7.219230e+001 3.867096e+002 0.000000e+000 -2.426280e-002 2.586086e-002 -9.993711e-001
-7.218659e+001 3.869490e+002 0.000000e+000 -2.308377e-002 3.954175e-002 -9.989512e-001
-7.217111e+001 3.868365e+002 0.000000e+000 -1.894309e-002 4.103458e-002 -9.989781e-001
-7.219188e+001 3.868181e+002 0.000000e+000 -2.145204e-002 2.496178e-002 -9.994582e-001
-7.219285e+001 3.866721e+002 0.000000e+000 -2.229562e-002 2.500869e-002 -9.994386e-001
-7.219400e+001 3.872603e+002 0.000000e+000 -2.039964e-002 2.625583e-002 -9.994471e-001
-7.221566e+001 3.865446e+002 0.000000e+000 -2.011018e-002 2.097033e-002 -9.995778e-001
-7.218843e+001 3.863564e+002 0.000000e+000 -2.364790e-002 2.856878e-002 -9.993121e-001
-7.219982e+001 3.867595e+002 0.000000e+000 -2.106517e-002 2.334927e-002 -9.995054e-001
-7.219607e+001 3.865248e+002 0.000000e+000 -2.367905e-002 1.872735e-002 -9.995442e-001
-7.220410e+001 3.865160e+002 0.000000e+000 -2.059593e-002 1.827129e-002 -9.996209e-001
-7.218521e+001 3.867900e+002 0.000000e+000 -2.469621e-002 2.516506e-002 -9.993782e-001
-7.218627e+001 3.866298e+002 0.000000e+000 -1.963239e-002 3.269841e-002 -9.992724e-001
-7.218378e+001 3.867403e+002 0.000000e+000 -2.225022e-002 2.457593e-002 -9.994503e-001
-7.218053e+001 3.871729e+002 0.000000e+000 -2.099841e-002 3.922267e-002 -9.990098e-001
-7.218000e+001 3.867500e+002 0.000000e+000 -2.005311e-002 3.155257e-002 -9.993009e-001
-7.222818e+001 3.869242e+002 0.000000e+000 -2.171600e-002 1.470231e-002 -9.996561e-001
-7.222081e+001 3.867516e+002 0.000000e+000 -2.133971e-002 1.587320e-002 -9.996463e-001
-7.217429e+001 3.873121e+002 0.000000e+000 -2.031316e-002 3.604813e-002 -9.991436e-001
-7.216385e+001 3.866495e+002 0.000000e+000 -2.049261e-002 4.789756e-002 -9.986420e-001
-7.217890e+001 3.870655e+002 0.000000e+000 -2.053641e-002 4.878003e-002 -9.985984e-001
-7.218539e+001 3.869525e+002 0.000000e+000 -2.007681e-002 4.011852e-002 -9.989932e-001
-7.219797e+001 3.866502e+002 0.000000e+000 -2.166295e-002 1.791492e-002 -9.996048e-001
-7.216878e+001 3.871586e+002 0.000000e+000 -1.997850e-002 4.198360e-002 -9.989185e-001
-7.220237e+001 3.865213e+002 0.000000e+000 -2.189554e-002 2.055118e-002 -9.995490e-001
-7.217568e+001 3.864341e+002 0.000000e+000 -2.138462e-002 4.434103e-002 -9.987876e-001
-7.219976e+001 3.863128e+002 0.000000e+000 -2.186113e-002 2.571160e-002 -9.994303e-001
-7.219368e+001 3.873602e+002 0.000000e+000 -2.202341e-002 4.031354e-002 -9.989443e-001
-7.217033e+001 3.869746e+002 0.000000e+000 -2.023676e-002 3.330689e-002 -9.992403e-001
-7.217407e+001 3.872572e+002 0.000000e+000 -2.072905e-002 4.635222e-002 -9.987101e-001
-7.219861e+001 3.869269e+002 0.000000e+000 -2.132293e-002 2.817142e-002 -9.993757e-001
-7.226030e+001 3.870547e+002 0.000000e+000 -2.151395e-002 1.345821e-002 -9.996780e-001
-7.224068e+001 3.868019e+002 0.000000e+000 -2.328175e-002 3.261774e-002 -9.991967e-001
-7.224613e+001 3.871074e+002 0.000000e+000 -2.171695e-002 4.912611e-002 -9.985565e-001
-7.223152e+001 3.871823e+002 0.000000e+000 -1.940488e-002 3.427103e-002 -9.992242e-001
-7.224954e+001 3.871121e+002 0.000000e+000 -2.396294e-002 2.928516e-002 -9.992838e-001
-7.223134e+001 3.869785e+002 0.000000e+000 -2.074527e-002 4.821554e-002 -9.986215e-001
-7.225384e+001 3.867223e+002 0.000000e+000 -2.106555e-002 2.851014e-002 -9.993715e-001
-7.224667e+001 3.868473e+002 0.000000e+000 -2.218539e-002 3.079808e-002 -9.992794e-001
-7.224394e+001 3.868541e+002 0.000000e+000 -2.179329e-002 3.996521e-002 -9.989634e-001
-7.224343e+001 3.867251e+002 0.000000e+000 -2.369321e-002 3.322381e-002 -9.991671e-001
-7.225413e+001 3.868002e+002 0.000000e+000 -2.503115e-002 1.573408e-002 -9.995628e-001
-7.224055e+001 3.862744e+002 0.000000e+000 -2.095443e-002 2.961270e-002 -9.993418e-001
-7.222350e+001 3.869364e+002 0.000000e+000 -2.018224e-002 4.281912e-002 -9.988790e-001
-7.224451e+001 3.870113e+002 0.000000e+000 -2.076166e-002 3.222571e-002 -9.992650e-001
-7.224085e+001 3.869276e+002 0.000000e+000 -2.255443e-002 3.509699e-002 -9.991294e-001
-7.224962e+001 3.867158e+002 0.000000e+000 -2.397570e-002 3.057390e-002 -9.992449e-001
-7.224478e+001 3.870015e+002 0.000000e+000 -2.278570e-002 4.680382e-002 -9.986442e-001
-7.226706e+001 3.863785e+002 0.000000e+000 -2.158207e-002 1.832028e-002 -9.995992e-001
-7.226105e+001 3.865384e+002 0.000000e+000 -2.033711e-002 1.747138e-002 -9.996405e-001
-7.227164e+001 3.868469e+002 0.000000e+000 -2.242106e-002 2.141304e-002 -9.995193e-001
-7.226255e+001 3.866887e+002 0.000000e+000 -2.381196e-002 1.370685e-002 -9.996225e-001
-7.224738e+001 3.868712e+002 0.000000e+000 -2.021198e-002 3.042424e-002 -9.993327e-001
-7.222554e+001 3.867474e+002 0.000000e+000 -2.172628e-002 4.024587e-002 -9.989536e-001
-7.227213e+001 3.865637e+002 0.000000e+000 -2.122764e-002 1.889908e-002 -9.995960e-001
-7.224721e+001 3.862500e+002 0.000000e+000 -2.470279e-002 1.606036e-002 -9.995658e-001
-7.222797e+001 3.866211e+002 0.000000e+000 -2.409196e-002 2.475417e-002 -9.994032e-001
-7.224342e+001 3.868375e+002 0.000000e+000 -2.288740e-002 3.200865e-002 -9.992255e-001
-7.225889e+001 3.865718e+002 0.000000e+000 -2.523380e-002 1.448332e-002 -9.995767e-001
-7.223917e+001 3.866531e+002 0.000000e+000 -2.232585e-002 4.219459e-002 -9.988599e-001
-7.225327e+001 3.870809e+002 0.000000e+000 -2.357322e-002 2.867746e-002 -9.993107e-001
-7.222562e+001 3.864898e+002 0.000000e+000 -2.424910e-002 3.292808e-002 -9.991635e-001
-7.222898e+001 3.870124e+002 0.000000e+000 -1.948550e-002 4.607725e-002 -9.987478e-001
-7.222852e+001 3.870721e+002 0.000000e+000 -2.000879e-002 3.649964e-002 -9.991333e-001
-7.225293e+001 3.868832e+002 0.000000e+000 -2.437002e-002 2.630017e-002 -9.993570e-001
-7.224410e+001 3.868081e+002 0.000000e+000 -2.173029e-002 2.785153e-002 -9.993758e-001
-7.224924e+001 3.865896e+002 0.000000e+000 -2.415053e-002 2.157742e-002 -9.994754e-001
-7.225504e+001 3.870772e+002 0.000000e+000 -2.436615e-002 2.789157e-002 -9.993139e-001
-7.223125e+001 3.870001e+002 0.000000e+000 -1.950182e-002 3.868684e-002 -9.990611e-001
-7.222954e+001 3.866770e+002 0.000000e+000 -1.925945e-002 3.842754e-002 -9.990758e-001
-7.222140e+001 3.869737e+002 0.000000e+000 -1.972817e-002 4.074271e-002 -9.989749e-001
-7.224361e+001 3.869398e+002 0.000000e+000 -2.269452e-002 4.669079e-002 -9.986516e-001
-7.224215e+001 3.863669e+002 0.000000e+000 -2.077835e-002 3.983401e-002 -9.989902e-001
-7.227213e+001 3.867868e+002 0.000000e+000 -2.182144e-002 1.683465e-002 -9.996201e-001
-7.225443e+001 3.869489e+002 0.000000e+000 -2.019649e-002 1.715933e-002 -9.996488e-001
-7.224958e+001 3.870289e+002 0.000000e+000 -2.251101e-002 3.983150e-002 -9.989528e-001
-7.223687e+001 3.863572e+002 0.000000e+000 -2.471068e-002 1.302906e-002 -9.996097e-001
-7.223554e+001 3.867542e+002 0.000000e+000 -2.066987e-002 2.905284e-002 -9.993641e-001
-7.223308e+001 3.869656e+002 0.000000e+000 -1.974947e-002 2.956974e-002 -9.993676e-001
-7.226624e+001 3.867270e+002 0.000000e+000 -2.018633e-002 1.870181e-002 -9.996213e-001
-7.224364e+001 3.869510e+002 0.000000e+000 -2.216807e-002 4.232453e-002 -9.988580e-001
-7.227356e+001 3.874815e+002 0.000000e+000 -2.317815e-002 4.233967e-002 -9.988344e-001
-7.222556e+001 3.864152e+002 0.000000e+000 -2.602994e-002 1.814281e-002 -9.994965e-001
-7.223506e+001 3.870609e+002 0.000000e+000 -1.987453e-002 4.854613e-002 -9.986232e-001
-7.226869e+001 3.862922e+002 0.000000e+000 -2.402896e-002 1.437483e-002 -9.996079e-001
-7.223671e+001 3.867873e+002 0.000000e+000 -2.168004e-002 2.865253e-002 -9.993543e-001
-7.223794e+001 3.866958e+002 0.000000e+000 -1.957280e-002 3.937933e-002 -9.990326e-001
-7.224262e+001 3.868495e+002 0.000000e+000 -2.171285e-002 4.006051e-002 -9.989613e-001
-7.221945e+001 3.870503e+002 0.000000e+000 -2.003394e-002 3.580779e-002 -9.991579e-001
-7.223491e+001 3.871192e+002 0.000000e+000 -1.952009e-002 4.947863e-002 -9.985844e-001
-7.223367e+001 3.867767e+002 0.000000e+000 -2.028079e-002 4.604011e-002 -9.987337e-001
-7.226046e+001 3.865941e+002 0.000000e+000 -2.038465e-002 2.633160e-002 -9.994454e-001
-7.225640e+001 3.872245e+002 0.000000e+000 -2.374605e-002 2.526079e-002 -9.993988e-001
-7.225658e+001 3.868488e+002 0.000000e+000 -2.364028e-002 2.615720e-002 -9.993783e-001
-7.229335e+001 3.862300e+002 0.000000e+000 -2.123425e-002 1.358045e-002 -9.996823e-001
-7.224600e+001 3.866112e+002 0.000000e+000 -2.269993e-002 3.074220e-002 -9.992695e-001
-7.227004e+001 3.861140e+002 0.000000e+000 -1.948375e-002 1.929749e-002 -9.996239e-001
-7.225013e+001 3.870142e+002 0.000000e+000 -2.026525e-002 2.847896e-002 -9.993889e-001
-7.223353e+001 3.868211e+002 0.000000e+000 -2.163275e-002 3.395517e-002 -9.991892e-001
-7.224377e+001 3.868591e+002 0.000000e+000 -2.298254e-002 1.999583e-002 -9.995359e-001
-7.224289e+001 3.872540e+002 0.000000e+000 -2.097113e-002 4.548161e-002 -9.987450e-001
-7.222665e+001 3.867110e+002 0.000000e+000 -2.254842e-002 2.954400e-002 -9.993091e-001
-7.223927e+001 3.869966e+002 0.000000e+000 -2.026283e-002 3.184165e-002 -9.992875e-001
-7.222964e+001 3.861874e+002 0.000000e+000 -2.521659e-002 2.109402e-002 -9.994594e-001
-7.225767e+001 3.870106e+002 0.000000e+000 -2.347637e-002 2.301544e-002 -9.994594e-001
-7.223442e+001 3.867315e+002 0.000000e+000 -2.408375e-002 3.309629e-002 -9.991620e-001
-7.224123e+001 3.867528e+002 0.000000e+000 -2.349872e-002 4.221899e-002 -9.988320e-001
-7.223904e+001 3.870919e+002 0.000000e+000 -2.158291e-002 3.977385e-002 -9.989756e-001
-7.227404e+001 3.865560e+002 0.000000e+000 -2.033739e-002 1.534628e-002 -9.996754e-001
-7.226633e+001 3.865785e+002 0.000000e+000 -2.118524e-002 1.304908e-002 -9.996904e-001
-7.224452e+001 3.870366e+002 0.000000e+000 -2.160815e-002 4.714039e-002 -9.986545e-001
-7.227137e+001 3.871923e+002 0.000000e+000 -2.277233e-002 1.936455e-002 -9.995531e-001
-7.225484e+001 3.870476e+002 0.000000e+000 -2.268993e-002 2.855555e-002 -9.993347e-001
-7.224354e+001 3.868421e+002 0.000000e+000 -2.277769e-002 3.257484e-002 -9.992097e-001
-7.223518e+001 3.869083e+002 0.000000e+000 -2.249732e-002 4.654739e-002 -9.986627e-001
-7.225060e+001 3.866004e+002 0.000000e+000 -2.441653e-002 2.580637e-002 -9.993687e-001
-7.223867e+001 3.868861e+002 0.000000e+000 -2.055098e-002 4.437842e-002 -9.988034e-001
-7.225211e+001 3.867141e+002 0.000000e+000 -2.178606e-002 1.740374e-002 -9.996112e-001
-7.222796e+001 3.864756e+002 0.000000e+000 -2.381867e-002 3.732162e-002 -9.990194e-001
-7.226825e+001 3.867335e+002 0.000000e+000 -2.537501e-002 1.469720e-002 -9.995700e-001
-7.224720e+001 3.867913e+002 0.000000e+000 -2.423180e-002 2.820501e-002 -9.993084e-001
-7.224733e+001 3.869334e+002 0.000000e+000 -2.339651e-002 3.021631e-002 -9.992695e-001
-7.223720e+001 3.869712e+002 0.000000e+000 -1.981548e-002 4.241019e-002 -9.989038e-001
-7.227201e+001 3.872024e+002 0.000000e+000 -2.529394e-002 2.652632e-002 -9.993281e-001
-7.223021e+001 3.868388e+002 0.000000e+000 -2.187308e-002 4.102493e-002 -9.989187e-001
-7.225574e+001 3.867978e+002 0.000000e+000 -2.259496e-002 2.350816e-002 -9.994683e-001
-7.224151e+001 3.865007e+002 0.000000e+000 -2.337268e-002 2.189140e-002 -9.994871e-001
-7.223567e+001 3.868375e+002 0.000000e+000 -2.421350e-002 3.526984e-002 -9.990845e-001
-7.224888e+001 3.866511e+002 0.000000e+000 -2.206614e-002 2.799367e-002 -9.993645e-001
-7.224612e+001 3.868918e+002 0.000000e+000 -2.199637e-002 3.512398e-002 -9.991409e-001
-7.222039e+001 3.869249e+002 0.000000e+000 -1.867923e-002 4.289041e-002 -9.989052e-001
-7.222915e+001 3.868185e+002 0.000000e+000 -2.219289e-002 4.351446e-002 -9.988063e-001
-7.220985e+001 3.872106e+002 0.000000e+000 -1.847408e-002 4.754097e-002 -9.986984e-001
-7.227780e+001 3.862848e+002 0.000000e+000 -2.101883e-002 2.382072e-002 -9.994953e-001
-7.224974e+001 3.869257e+002 0.000000e+000 -2.206708e-002 3.760771e-002 -9.990489e-001
-7.225693e+001 3.865195e+002 0.000000e+000 -2.294506e-002 2.400343e-002 -9.994485e-001
-7.225622e+001 3.861412e+002 0.000000e+000 -2.059946e-002 2.200958e-002 -9.995455e-001
-7.223092e+001 3.870886e+002 0.000000e+000 -1.955947e-002 3.427994e-002 -9.992209e-001
-7.226025e+001 3.866512e+002 0.000000e+000 -2.001711e-002 3.071200e-002 -9.993278e-001
-7.226157e+001 3.867140e+002 0.000000e+000 -2.225441e-002 1.494762e-002 -9.996406e-001
-7.225871e+001 3.866616e+002 0.000000e+000 -1.945871e-002 2.729563e-002 -9.994380e-001
-7.224370e+001 3.864014e+002 0.000000e+000 -2.511247e-002 1.414691e-002 -9.995845e-001
-7.225464e+001 3.869915e+002 0.000000e+000 -2.024774e-002 2.800035e-002 -9.994028e-001
-7.226375e+001 3.865013e+002 0.000000e+000 -1.960603e-002 3.024084e-002 -9.993503e-001
-7.223428e+001 3.863527e+002 0.000000e+000 -2.122774e-002 2.159023e-002 -9.995415e-001
-7.221481e+001 3.864174e+002 0.000000e+000 -2.367470e-002 2.699786e-002 -9.993551e-001
-7.222935e+001 3.875274e+002 0.000000e+000 -2.018920e-002 4.383082e-002 -9.988349e-001
-7.226738e+001 3.865142e+002 0.000000e+000 -2.379811e-002 1.695458e-002 -9.995730e-001
-7.223610e+001 3.870193e+002 0.000000e+000 -1.973860e-002 3.744873e-002 -9.991036e-001
-7.225080e+001 3.867148e+002 0.000000e+000 -2.063963e-002 1.717443e-002 -9.996395e-001
-7.227448e+001 3.865111e+002 0.000000e+000 -2.264100e-002 1.701378e-002 -9.995989e-001
-7.221925e+001 3.870880e+002 0.000000e+000 -1.898453e-002 4.365102e-002 -9.988664e-001
-7.225168e+001 3.869636e+002 0.000000e+000 -2.476583e-002 3.106535e-002 -9.992105e-001
-7.224738e+001 3.865846e+002 0.000000e+000 -2.561962e-002 1.876630e-002 -9.994956e-001
-7.225919e+001 3.866658e+002 0.000000e+000 -2.105298e-002 2.051470e-002 -9.995679e-001
-7.223467e+001 3.867248e+002 0.000000e+000 -2.589635e-002 1.532618e-002 -9.995471e-001
-7.224909e+001 3.871591e+002 0.000000e+000 -2.217617e-002 4.023232e-002 -9.989442e-001
-7.225308e+001 3.873675e+002 0.000000e+000 -2.174666e-002 4.202110e-002 -9.988800e-001
-7.226473e+001 3.866663e+002 0.000000e+000 -2.099574e-002 2.373313e-002 -9.994978e-001
-7.223295e+001 3.869655e+002 0.000000e+000 -2.245323e-002 4.061780e-002 -9.989224e-001
-7.223960e+001 3.872615e+002 0.000000e+000 -2.093528e-002 4.486851e-002 -9.987735e-001
-7.221912e+001 3.864600e+002 0.000000e+000 -2.194371e-002 4.126601e-002 -9.989072e-001
-7.224912e+001 3.871597e+002 0.000000e+000 -2.203669e-002 4.681379e-002 -9.986605e-001
-7.225067e+001 3.864281e+002 0.000000e+000 -2.180179e-002 2.521194e-002 -9.994444e-001
-7.225930e+001 3.864935e+002 0.000000e+000 -1.987403e-002 1.730847e-002 -9.996527e-001
-7.223689e+001 3.869559e+002 0.000000e+000 -2.081356e-002 3.258283e-002 -9.992523e-001
-7.223163e+001 3.869351e+002 0.000000e+000 -2.100305e-002 4.612988e-002 -9.987146e-001
-7.224264e+001 3.869486e+002 0.000000e+000 -2.013122e-002 3.478923e-002 -9.991919e-001
-7.223159e+001 3.869108e+002 0.000000e+000 -1.912337e-002 3.406992e-002 -9.992365e-001
-7.221347e+001 3.862064e+002 0.000000e+000 -2.402536e-002 2.430546e-002 -9.994158e-001
-7.227426e+001 3.869105e+002 0.000000e+000 -2.130920e-002 1.407887e-002 -9.996738e-001
-7.221595e+001 3.872495e+002 0.000000e+000 -1.931983e-002 3.335422e-002 -9.992568e-001
-7.223900e+001 3.868365e+002 0.000000e+000 -2.129517e-002 3.963526e-002 -9.989873e-001
-7.223143e+001 3.865903e+002 0.000000e+000 -2.394390e-002 3.518402e-002 -9.990940e-001
-7.224721e+001 3.865947e+002 0.000000e+000 -2.198209e-002 3.234450e-002 -9.992350e-001
-7.226804e+001 3.865308e+002 0.000000e+000 -2.028482e-002 2.371189e-002 -9.995130e-001
-7.227591e+001 3.872403e+002 0.000000e+000 -2.485898e-002 2.626549e-002 -9.993459e-001
-7.226690e+001 3.875548e+002 0.000000e+000 -2.296612e-002 3.882767e-002 -9.989820e-001
-7.223023e+001 3.862380e+002 0.000000e+000 -2.534013e-002 2.125289e-002 -9.994529e-001
-7.224908e+001 3.869978e+002 0.000000e+000 -2.052559e-002 2.244862e-002 -9.995373e-001
-7.223412e+001 3.868768e+002 0.000000e+000 -2.042190e-002 4.340467e-002 -9.988488e-001
-7.227043e+001 3.865557e+002 0.000000e+000 -2.288913e-002 1.675221e-002 -9.995976e-001
-7.227409e+001 3.865124e+002 0.000000e+000 -2.127997e-002 1.372760e-002 -9.996793e-001
-7.225454e+001 3.866551e+002 0.000000e+000 -2.009081e-002 2.986656e-002 -9.993520e-001
-7.224603e+001 3.868999e+002 0.000000e+000 -2.173192e-002 3.800774e-002 -9.990411e-001
-7.224582e+001 3.868831e+002 0.000000e+000 -2.289484e-002 4.496303e-002 -9.987263e-001
-7.223009e+001 3.867326e+002 0.000000e+000 -1.980642e-002 3.577856e-002 -9.991635e-001
-7.223336e+001 3.872460e+002 0.000000e+000 -2.001570e-002 2.436335e-002 -9.995028e-001
-7.224646e+001 3.866090e+002 0.000000e+000 -2.570368e-002 1.568349e-002 -9.995466e-001
-7.223270e+001 3.870021e+002 0.000000e+000 -1.925539e-002 4.637140e-002 -9.987387e-001
-7.223418e+001 3.863177e+002 0.000000e+000 -2.228501e-002 2.933596e-002 -9.993212e-001
-7.224642e+001 3.867877e+002 0.000000e+000 -2.249184e-002 3.329181e-002 -9.991926e-001
-7.224151e+001 3.866243e+002 0.000000e+000 -2.540174e-002 2.068237e-002 -9.994634e-001
-7.221945e+001 3.871764e+002 0.000000e+000 -1.916210e-002 4.354514e-002 -9.988677e-001
-7.225930e+001 3.868783e+002 0.000000e+000 -2.487965e-002 2.576262e-002 -9.993584e-001
-7.224460e+001 3.867135e+002 0.000000e+000 -2.188624e-002 2.524101e-002 -9.994418e-001
-7.223505e+001 3.869209e+002 0.000000e+000 -2.062228e-002 4.086526e-002 -9.989518e-001
-7.223684e+001 3.871040e+002 0.000000e+000 -2.213431e-002 4.329189e-002 -9.988172e-001
-7.222453e+001 3.862116e+002 0.000000e+000 -2.385902e-002 2.514621e-002 -9.993990e-001
-7.222860e+001 3.867593e+002 0.000000e+000 -2.289759e-002 3.961738e-002 -9.989525e-001
-7.223851e+001 3.871899e+002 0.000000e+000 -2.106104e-002 3.735733e-002 -9.990800e-001
-7.223380e+001 3.868545e+002 0.000000e+000 -2.222755e-002 2.178098e-002 -9.995156e-001
-7.224982e+001 3.871274e+002 0.000000e+000 -2.138068e-002 1.510429e-002 -9.996573e-001
-7.223974e+001 3.866858e+002 0.000000e+000 -2.338388e-002 3.031641e-002 -9.992668e-001
-7.222321e+001 3.866294e+002 0.000000e+000 -2.123987e-002 4.338491e-002 -9.988326e-001
-7.224338e+001 3.869327e+002 0.000000e+000 -1.987969e-002 3.068242e-002 -9.993315e-001
-7.223159e+001 3.871414e+002 0.000000e+000 -1.966684e-002 4.568346e-002 -9.987624e-001
-7.223912e+001 3.869893e+002 0.000000e+000 -1.946412e-002 3.219094e-002 -9.992922e-001
-7.224718e+001 3.869472e+002 0.000000e+000 -2.330371e-002 2.646158e-002 -9.993782e-001
-7.224628e+001 3.872690e+002 0.000000e+000 -2.217219e-002 4.331017e-002 -9.988156e-001
-7.225339e+001 3.866838e+002 0.000000e+000 -2.230767e-002 2.209989e-002 -9.995069e-001
-7.227690e+001 3.862934e+002 0.000000e+000 -2.323796e-002 1.466145e-002 -9.996224e-001
-7.222976e+001 3.869062e+002 0.000000e+000 -2.163160e-002 4.334479e-002 -9.988260e-001
-7.226260e+001 3.866047e+002 0.000000e+000 -1.989710e-002 1.840361e-002 -9.996326e-001
-7.224499e+001 3.865831e+002 0.000000e+000 -2.373823e-002 1.771634e-002 -9.995612e-001
-7.225481e+001 3.868183e+002 0.000000e+000 -2.166508e-002 2.621705e-002 -9.994215e-001
-7.225491e+001 3.869038e+002 0.000000e+000 -2.123421e-002 2.500197e-002 -9.994619e-001
-7.225992e+001 3.866374e+002 0.000000e+000 -2.184742e-002 1.514561e-002 -9.996466e-001
-7.225362e+001 3.865472e+002 0.000000e+000 -2.483487e-002 1.373271e-002 -9.995972e-001
-7.223996e+001 3.875392e+002 0.000000e+000 -2.076523e-002 4.744547e-002 -9.986580e-001
-7.224596e+001 3.864268e+002 0.000000e+000 -2.641941e-002 1.710358e-002 -9.995046e-001
-7.220950e+001 3.865606e+002 0.000000e+000 -2.303602e-002 3.821972e-002 -9.990038e-001
-7.223610e+001 3.866145e+002 0.000000e+000 -1.872654e-002 4.804221e-002 -9.986697e-001
-7.222821e+001 3.866493e+002 0.000000e+000 -2.133563e-002 2.409054e-002 -9.994821e-001
-7.224623e+001 3.873660e+002 0.000000e+000 -2.138225e-002 4.599817e-002 -9.987127e-001
-7.222621e+001 3.874595e+002 0.000000e+000 -1.949618e-002 4.825443e-002 -9.986448e-001
-7.224024e+001 3.869860e+002 0.000000e+000 -2.234626e-002 3.161940e-002 -9.992501e-001
-7.223775e+001 3.869239e+002 0.000000e+000 -2.338630e-002 3.650099e-002 -9.990599e-001
-7.224241e+001 3.869337e+002 0.000000e+000 -2.035998e-002 3.283810e-002 -9.992533e-001
-7.222250e+001 3.862154e+002 0.000000e+000 -2.597709e-002 2.109074e-002 -9.994400e-001
-7.224575e+001 3.868237e+002 0.000000e+000 -2.493913e-002 2.143421e-002 -9.994592e-001
-7.225302e+001 3.870916e+002 0.000000e+000 -2.089526e-002 2.036915e-002 -9.995742e-001
-7.223508e+001 3.869095e+002 0.000000e+000 -1.923705e-002 2.860188e-002 -9.994058e-001
-7.223317e+001 3.866828e+002 0.000000e+000 -1.964782e-002 2.674482e-002 -9.994492e-001
-7.225679e+001 3.869943e+002 0.000000e+000 -2.413802e-002 2.100398e-002 -9.994880e-001
-7.222452e+001 3.863304e+002 0.000000e+000 -2.426637e-002 3.332494e-002 -9.991499e-001
-7.224104e+001 3.865313e+002 0.000000e+000 -2.437422e-002 1.748605e-002 -9.995500e-001
-7.223990e+001 3.866712e+002 0.000000e+000 -2.408116e-002 1.988627e-002 -9.995122e-001
-7.223609e+001 3.866848e+002 0.000000e+000 -2.059905e-002 4.387892e-002 -9.988245e-001
-7.224574e+001 3.870162e+002 0.000000e+000 -2.232261e-002 2.952596e-002 -9.993147e-001
-7.223459e+001 3.870991e+002 0.000000e+000 -2.160946e-002 4.121970e-002 -9.989164e-001
-7.222476e+001 3.866507e+002 0.000000e+000 -2.238257e-002 3.150147e-002 -9.992531e-001
-7.222854e+001 3.867651e+002 0.000000e+000 -2.162078e-002 3.634659e-002 -9.991053e-001
-7.222851e+001 3.871749e+002 0.000000e+000 -2.000214e-002 4.755596e-002 -9.986683e-001
-7.223281e+001 3.865496e+002 0.000000e+000 -2.148205e-002 4.200372e-002 -9.988865e-001
-7.227137e+001 3.864457e+002 0.000000e+000 -2.082101e-002 1.781484e-002 -9.996245e-001
-7.223525e+001 3.870258e+002 0.000000e+000 -2.241055e-002 3.404368e-002 -9.991691e-001
-7.225966e+001 3.863140e+002 0.000000e+000 -2.010412e-002 2.428822e-002 -9.995028e-001
-7.224230e+001 3.872623e+002 0.000000e+000 -2.214965e-002 4.109542e-002 -9.989097e-001
-7.225126e+001 3.870686e+002 0.000000e+000 -2.183019e-002 4.253851e-002 -9.988563e-001
-7.222337e+001 3.866185e+002 0.000000e+000 -2.319329e-002 4.138411e-002 -9.988741e-001
-7.226281e+001 3.866533e+002 0.000000e+000 -2.300032e-002 2.169301e-002 -9.995001e-001
-7.223620e+001 3.871297e+002 0.000000e+000 -2.048033e-002 3.456512e-002 -9.991926e-001
-7.227392e+001 3.860957e+002 0.000000e+000 -2.367262e-002 1.426727e-002 -9.996180e-001
-7.224587e+001 3.864352e+002 0.000000e+000 -1.959700e-002 3.198506e-002 -9.992962e-001
-7.224038e+001 3.871031e+002 0.000000e+000 -2.204984e-002 4.784708e-002 -9.986113e-001
-7.223424e+001 3.870805e+002 0.000000e+000 -2.112761e-002 4.835265e-002 -9.986069e-001
-7.227834e+001 3.865378e+002 0.000000e+000 -2.253348e-002 1.384549e-002 -9.996502e-001
-7.223235e+001 3.870459e+002 0.000000e+000 -2.121101e-002 3.375936e-002 -9.992049e-001
-7.224338e+001 3.866892e+002 0.000000e+000 -2.061037e-002 3.734598e-002 -9.990898e-001
-7.223613e+001 3.864740e+002 0.000000e+000 -2.154859e-002 3.658829e-002 -9.990981e-001
-7.223683e+001 3.863762e+002 0.000000e+000 -2.139766e-002 2.181233e-002 -9.995331e-001
-7.223494e+001 3.867006e+002 0.000000e+000 -1.914888e-002 3.127293e-002 -9.993274e-001
-7.225188e+001 3.863910e+002 0.000000e+000 -2.270588e-002 2.136285e-002 -9.995139e-001
-7.227375e+001 3.870419e+002 0.000000e+000 -2.201125e-002 1.710820e-002 -9.996113e-001
-7.224810e+001 3.869643e+002 0.000000e+000 -2.210474e-002 4.429747e-002 -9.987738e-001
-7.226998e+001 3.865729e+002 0.000000e+000 -2.278557e-002 1.682083e-002 -9.995989e-001
-7.226019e+001 3.870095e+002 0.000000e+000 -2.566465e-002 1.823516e-002 -9.995043e-001
-7.223112e+001 3.871720e+002 0.000000e+000 -2.060959e-002 4.584432e-002 -9.987360e-001
-7.223793e+001 3.864168e+002 0.000000e+000 -2.135159e-002 2.931225e-002 -9.993422e-001
-7.222058e+001 3.868079e+002 0.000000e+000 -1.929347e-002 4.723824e-002 -9.986973e-001
-7.226146e+001 3.872454e+002 0.000000e+000 -2.369952e-002 3.307643e-002 -9.991718e-001
-7.225726e+001 3.871466e+002 0.000000e+000 -2.274747e-002 2.091304e-002 -9.995225e-001
-7.226317e+001 3.865876e+002 0.000000e+000 -2.251332e-002 1.855040e-002 -9.995744e-001
-7.222981e+001 3.869376e+002 0.000000e+000 -2.064560e-002 3.859464e-002 -9.990416e-001
-7.224553e+001 3.870107e+002 0.000000e+000 -2.240061e-002 4.216092e-002 -9.988597e-001
-7.225601e+001 3.869451e+002 0.000000e+000 -2.546368e-002 1.803237e-002 -9.995131e-001
-7.224449e+001 3.867392e+002 0.000000e+000 -2.190491e-002 3.991351e-002 -9.989630e-001
-7.226049e+001 3.864513e+002 0.000000e+000 -2.098487e-002 2.241646e-002 -9.995285e-001
-7.224314e+001 3.870830e+002 0.000000e+000 -2.318418e-002 3.413153e-002 -9.991484e-001
-7.225476e+001 3.868843e+002 0.000000e+000 -2.480687e-002 1.498726e-002 -9.995799e-001
-7.229661e+001 3.862849e+002 0.000000e+000 -2.030903e-002 1.296023e-002 -9.997097e-001
-7.221223e+001 3.865770e+002 0.000000e+000 -2.385449e-002 3.112568e-002 -9.992308e-001
-7.223740e+001 3.860261e+002 0.000000e+000 -2.348839e-002 1.491079e-002 -9.996129e-001
-7.225629e+001 3.865541e+002 0.000000e+000 -2.431599e-002 1.639423e-002 -9.995699e-001
-7.224746e+001 3.867297e+002 0.000000e+000 -2.453730e-002 2.576494e-002 -9.993668e-001
-7.225119e+001 3.866924e+002 0.000000e+000 -2.387196e-002 2.085909e-002 -9.994974e-001
-7.224286e+001 3.863000e+002 0.000000e+000 -2.156008e-002 2.767618e-002 -9.993844e-001
-7.222934e+001 3.866594e+002 0.000000e+000 -2.360582e-002 2.882662e-002 -9.993057e-001
-7.225256e+001 3.868048e+002 0.000000e+000 -2.273106e-002 1.554297e-002 -9.996208e-001
-7.224862e+001 3.866902e+002 0.000000e+000 -2.310909e-002 1.960810e-002 -9.995406e-001
-7.223615e+001 3.868063e+002 0.000000e+000 -2.052276e-002 3.464071e-002 -9.991891e-001
-7.223800e+001 3.867777e+002 0.000000e+000 -2.416644e-002 3.515657e-002 -9.990896e-001
-7.225710e+001 3.870142e+002 0.000000e+000 -2.295025e-002 1.256232e-002 -9.996577e-001
-7.225132e+001 3.866076e+002 0.000000e+000 -2.408319e-002 1.643836e-002 -9.995748e-001
-7.224867e+001 3.869215e+002 0.000000e+000 -2.271822e-002 3.045079e-002 -9.992781e-001
-7.225712e+001 3.866188e+002 0.000000e+000 -2.320558e-002 1.853635e-002 -9.995589e-001
-7.226684e+001 3.866452e+002 0.000000e+000 -2.053624e-002 2.093762e-002 -9.995698e-001
-7.223723e+001 3.873110e+002 0.000000e+000 -2.104637e-002 3.740205e-002 -9.990786e-001
-7.224332e+001 3.871430e+002 0.000000e+000 -2.303688e-002 2.484996e-002 -9.994257e-001
-7.225321e+001 3.864826e+002 0.000000e+000 -2.211925e-002 1.504473e-002 -9.996421e-001
-7.221816e+001 3.874848e+002 0.000000e+000 -1.936684e-002 4.596916e-002 -9.987551e-001
-7.222776e+001 3.866556e+002 0.000000e+000 -2.317522e-002 3.165940e-002 -9.992300e-001
-7.223800e+001 3.868444e+002 0.000000e+000 -1.963668e-002 2.416315e-002 -9.995152e-001
-7.226636e+001 3.870814e+002 0.000000e+000 -2.423437e-002 1.407708e-002 -9.996072e-001
-7.224665e+001 3.868344e+002 0.000000e+000 -2.395791e-002 3.053648e-002 -9.992465e-001
-7.222947e+001 3.864261e+002 0.000000e+000 -2.381053e-002 2.508768e-002 -9.994017e-001
-7.223213e+001 3.866871e+002 0.000000e+000 -2.182483e-002 4.923203e-002 -9.985489e-001
-7.225118e+001 3.868587e+002 0.000000e+000 -2.265047e-002 2.571739e-002 -9.994126e-001
-7.224616e+001 3.869700e+002 0.000000e+000 -2.215898e-002 4.861384e-002 -9.985718e-001
-7.224368e+001 3.867376e+002 0.000000e+000 -2.517000e-002 2.044461e-002 -9.994741e-001
-7.226906e+001 3.872391e+002 0.000000e+000 -2.408127e-002 4.021871e-002 -9.989007e-001
-7.228814e+001 3.864856e+002 0.000000e+000 -2.076580e-002 1.681485e-002 -9.996430e-001
-7.224861e+001 3.869414e+002 0.000000e+000 -2.449411e-002 2.247630e-002 -9.994473e-001
-7.227991e+001 3.870885e+002 0.000000e+000 -2.254088e-002 1.431211e-002 -9.996435e-001
-7.225573e+001 3.866076e+002 0.000000e+000 -2.447813e-002 1.397985e-002 -9.996026e-001
-7.226495e+001 3.866878e+002 0.000000e+000 -2.091884e-002 1.539981e-002 -9.996626e-001
-7.225318e+001 3.867076e+002 0.000000e+000 -2.315833e-002 2.599316e-002 -9.993938e-001
-7.223780e+001 3.869513e+002 0.000000e+000 -2.132945e-002 3.861200e-002 -9.990266e-001
-7.227470e+001 3.863653e+002 0.000000e+000 -2.115157e-002 1.775350e-002 -9.996186e-001
-7.222619e+001 3.871799e+002 0.000000e+000 -2.042406e-002 4.031373e-002 -9.989783e-001
-7.224081e+001 3.863114e+002 0.000000e+000 -2.448148e-002 1.645003e-002 -9.995649e-001
-7.221972e+001 3.867572e+002 0.000000e+000 -2.056358e-002 4.740477e-002 -9.986641e-001
-7.226499e+001 3.866060e+002 0.000000e+000 -2.412096e-002 1.619630e-002 -9.995778e-001
-7.226148e+001 3.871964e+002 0.000000e+000 -2.355954e-002 4.498332e-002 -9.987099e-001
-7.228077e+001 3.864776e+002 0.000000e+000 -2.094793e-002 1.919437e-002 -9.995963e-001
-7.224707e+001 3.867122e+002 0.000000e+000 -2.276277e-002 2.351003e-002 -9.994644e-001
-7.222372e+001 3.870561e+002 0.000000e+000 -1.906091e-002 4.599019e-002 -9.987600e-001
-7.225903e+001 3.866864e+002 0.000000e+000 -2.376856e-002 1.877626e-002 -9.995411e-001
-7.224057e+001 3.861964e+002 0.000000e+000 -2.388453e-002 1.776934e-002 -9.995568e-001
-7.226585e+001 3.866905e+002 0.000000e+000 -2.021752e-002 2.110603e-002 -9.995728e-001
-7.223820e+001 3.866326e+002 0.000000e+000 -2.431170e-002 2.773112e-002 -9.993197e-001
-7.223262e+001 3.871658e+002 0.000000e+000 -2.056007e-002 4.584886e-002 -9.987368e-001
-7.224248e+001 3.864820e+002 0.000000e+000 -2.445266e-002 2.302190e-002 -9.994359e-001
-7.223835e+001 3.873529e+002 0.000000e+000 -2.139260e-002 3.274895e-002 -9.992346e-001
-7.222868e+001 3.865241e+002 0.000000e+000 -2.149987e-002 4.112284e-002 -9.989228e-001
-7.223679e+001 3.869136e+002 0.000000e+000 -2.042373e-002 3.710634e-002 -9.991026e-001
-7.226523e+001 3.864020e+002 0.000000e+000 -2.214657e-002 2.162739e-002 -9.995208e-001
-7.224234e+001 3.868818e+002 0.000000e+000 -2.048848e-002 3.233112e-002 -9.992672e-001
-7.223438e+001 3.864506e+002 0.000000e+000 -1.981243e-002 3.858021e-002 -9.990591e-001
-7.228647e+001 3.863646e+002 0.000000e+000 -2.026063e-002 1.549735e-002 -9.996746e-001
-7.222306e+001 3.860856e+002 0.000000e+000 -2.478670e-002 2.088042e-002 -9.994747e-001
-7.224138e+001 3.870670e+002 0.000000e+000 -2.163764e-002 3.492400e-002 -9.991557e-001
-7.228105e+001 3.864706e+002 0.000000e+000 -2.233546e-002 1.420684e-002 -9.996496e-001
-7.223388e+001 3.867807e+002 0.000000e+000 -2.040938e-002 3.886991e-002 -9.990358e-001
-7.226121e+001 3.870353e+002 0.000000e+000 -2.537177e-002 2.586310e-002 -9.993435e-001
-7.222634e+001 3.867877e+002 0.000000e+000 -1.912473e-002 3.548425e-002 -9.991872e-001
-7.224859e+001 3.860444e+002 0.000000e+000 -2.367124e-002 1.304258e-002 -9.996347e-001
-7.224573e+001 3.869054e+002 0.000000e+000 -2.174221e-002 4.484890e-002 -9.987572e-001
-7.224706e+001 3.870811e+002 0.000000e+000 -2.301733e-002 4.383947e-002 -9.987734e-001
-7.224434e+001 3.865345e+002 0.000000e+000 -2.089616e-002 3.245776e-002 -9.992546e-001
-7.224612e+001 3.871113e+002 0.000000e+000 -2.291500e-002 4.447422e-002 -9.987477e-001
-7.224988e+001 3.870646e+002 0.000000e+000 -2.324862e-002 4.428274e-002 -9.987485e-001
-7.223537e+001 3.870836e+002 0.000000e+000 -2.124987e-002 4.597126e-002 -9.987167e-001
-7.226202e+001 3.866221e+002 0.000000e+000 -2.031171e-002 1.746343e-002 -9.996412e-001
-7.223543e+001 3.871781e+002 0.000000e+000 -2.158401e-002 3.591177e-002 -9.991219e-001
-7.224383e+001 3.870733e+002 0.000000e+000 -2.009153e-002 3.097877e-002 -9.993181e-001
-7.224604e+001 3.868288e+002 0.000000e+000 -2.292899e-002 2.994456e-002 -9.992885e-001
-7.224143e+001 3.866267e+002 0.000000e+000 -2.502159e-002 2.614971e-002 -9.993448e-001
-7.224902e+001 3.870629e+002 0.000000e+000 -2.260199e-002 3.464424e-002 -9.991441e-001
-7.225017e+001 3.868420e+002 0.000000e+000 -2.114295e-002 3.317601e-002 -9.992259e-001
-7.225123e+001 3.866492e+002 0.000000e+000 -2.464591e-002 1.859246e-002 -9.995233e-001
-7.224840e+001 3.863869e+002 0.000000e+000 -2.195105e-002 2.777805e-002 -9.993731e-001
-7.224035e+001 3.864788e+002 0.000000e+000 -1.996650e-002 2.931824e-002 -9.993707e-001
-7.224985e+001 3.871773e+002 0.000000e+000 -2.189991e-002 4.659492e-002 -9.986738e-001
-7.223156e+001 3.864260e+002 0.000000e+000 -2.267588e-002 2.237871e-002 -9.994924e-001
-7.224145e+001 3.863893e+002 0.000000e+000 -2.106056e-002 2.686698e-002 -9.994171e-001
-7.225369e+001 3.867319e+002 0.000000e+000 -2.186757e-002 2.549724e-002 -9.994357e-001
-7.225609e+001 3.868232e+002 0.000000e+000 -2.189035e-002 1.816503e-002 -9.995953e-001
-7.224235e+001 3.869765e+002 0.000000e+000 -2.423257e-002 2.192199e-002 -9.994660e-001
-7.224972e+001 3.872271e+002 0.000000e+000 -2.296590e-002 3.754813e-002 -9.990309e-001
-7.224234e+001 3.870170e+002 0.000000e+000 -2.096059e-002 4.478039e-002 -9.987769e-001
-7.224580e+001 3.865896e+002 0.000000e+000 -2.229677e-002 1.965560e-002 -9.995582e-001
-7.223114e+001 3.870355e+002 0.000000e+000 -2.025250e-002 4.408139e-002 -9.988226e-001
-7.222815e+001 3.870157e+002 0.000000e+000 -1.993433e-002 2.637379e-002 -9.994534e-001
-7.225973e+001 3.869539e+002 0.000000e+000 -2.284615e-002 2.106306e-002 -9.995171e-001
-7.224015e+001 3.868620e+002 0.000000e+000 -1.987135e-002 4.473336e-002 -9.988013e-001
-7.225229e+001 3.873269e+002 0.000000e+000 -2.268511e-002 2.477985e-002 -9.994355e-001
-7.225719e+001 3.866372e+002 0.000000e+000 -1.991992e-002 2.231112e-002 -9.995526e-001
-7.224283e+001 3.867942e+002 0.000000e+000 -2.458857e-002 3.300445e-002 -9.991527e-001
-7.224091e+001 3.871899e+002 0.000000e+000 -2.232456e-002 4.293951e-002 -9.988282e-001
-7.222686e+001 3.869705e+002 0.000000e+000 -1.932670e-002 3.881493e-002 -9.990595e-001
-7.224762e+001 3.869740e+002 0.000000e+000 -2.288852e-002 4.020076e-002 -9.989294e-001
-7.223183e+001 3.870580e+002 0.000000e+000 -2.025744e-002 2.922886e-002 -9.993675e-001
-7.224807e+001 3.868037e+002 0.000000e+000 -2.517306e-002 2.818267e-002 -9.992858e-001
-7.224737e+001 3.863997e+002 0.000000e+000 -2.522654e-002 1.436346e-002 -9.995786e-001
-7.223418e+001 3.871075e+002 0.000000e+000 -2.063488e-002 4.578719e-002 -9.987381e-001
-7.224607e+001 3.869872e+002 0.000000e+000 -2.194971e-002 3.544602e-002 -9.991305e-001
-7.224837e+001 3.866008e+002 0.000000e+000 -2.521651e-002 1.930371e-002 -9.994956e-001
-7.226163e+001 3.864225e+002 0.000000e+000 -2.396549e-002 1.389106e-002 -9.996163e-001
-7.225210e+001 3.868462e+002 0.000000e+000 -2.640785e-002 2.187110e-002 -9.994120e-001
-7.224009e+001 3.864250e+002 0.000000e+000 -2.571652e-002 1.660079e-002 -9.995314e-001
-7.222558e+001 3.871561e+002 0.000000e+000 -1.932576e-002 4.865640e-002 -9.986286e-001
-7.224140e+001 3.873100e+002 0.000000e+000 -2.078713e-002 4.446749e-002 -9.987945e-001
-7.223155e+001 3.866513e+002 0.000000e+000 -1.989022e-002 4.039625e-002 -9.989857e-001
-7.224038e+001 3.871259e+002 0.000000e+000 -2.190687e-002 4.381787e-002 -9.987993e-001
-7.224766e+001 3.867899e+002 0.000000e+000 -2.094634e-002 2.272111e-002 -9.995224e-001
-7.225035e+001 3.869464e+002 0.000000e+000 -2.360555e-002 2.773361e-002 -9.993366e-001
-7.223915e+001 3.872191e+002 0.000000e+000 -2.090076e-002 2.227746e-002 -9.995333e-001
-7.223347e+001 3.867557e+002 0.000000e+000 -2.237891e-002 3.925610e-002 -9.989785e-001
-7.226276e+001 3.867349e+002 0.000000e+000 -2.288384e-002 1.281687e-002 -9.996560e-001
-7.224232e+001 3.870876e+002 0.000000e+000 -2.080529e-002 3.278708e-002 -9.992458e-001
-7.223149e+001 3.868054e+002 0.000000e+000 -2.219366e-002 3.382597e-002 -9.991813e-001
-7.223943e+001 3.868820e+002 0.000000e+000 -2.109577e-002 3.469223e-002 -9.991754e-001
-7.224246e+001 3.871327e+002 0.000000e+000 -2.120160e-002 3.977122e-002 -9.989839e-001
-7.221078e+001 3.873263e+002 0.000000e+000 -1.899264e-002 4.759992e-002 -9.986859e-001
-7.224932e+001 3.871774e+002 0.000000e+000 -2.158845e-002 4.836312e-002 -9.985965e-001
-7.224434e+001 3.863613e+002 0.000000e+000 -2.143962e-002 3.214083e-002 -9.992534e-001
-7.225161e+001 3.870261e+002 0.000000e+000 -2.449023e-002 2.070919e-002 -9.994855e-001
-7.222479e+001 3.864615e+002 0.000000e+000 -2.606496e-002 1.523373e-002 -9.995442e-001
-7.225068e+001 3.865748e+002 0.000000e+000 -2.185459e-002 1.769454e-002 -9.996046e-001
-7.223447e+001 3.867385e+002 0.000000e+000 -2.391343e-002 2.930078e-002 -9.992846e-001
-7.227347e+001 3.862841e+002 0.000000e+000 -2.176210e-002 2.388319e-002 -9.994779e-001
-7.224705e+001 3.867713e+002 0.000000e+000 -2.248621e-002 3.508021e-002 -9.991315e-001
-7.225142e+001 3.867567e+002 0.000000e+000 -2.170559e-002 2.536219e-002 -9.994427e-001
-7.224510e+001 3.868675e+002 0.000000e+000 -2.426532e-002 3.020566e-002 -9.992491e-001
-7.225103e+001 3.865589e+002 0.000000e+000 -2.560635e-002 1.955365e-002 -9.994809e-001
-7.223530e+001 3.869044e+002 0.000000e+000 -1.972704e-002 2.412357e-002 -9.995143e-001
-7.225290e+001 3.870200e+002 0.000000e+000 -2.276489e-002 2.247754e-002 -9.994881e-001
-7.221914e+001 3.864369e+002 0.000000e+000 -2.421988e-002 2.458375e-002 -9.994043e-001
-7.224299e+001 3.870855e+002 0.000000e+000 -2.104887e-002 4.938874e-002 -9.985578e-001
-7.225109e+001 3.862049e+002 0.000000e+000 -2.368622e-002 1.581101e-002 -9.995944e-001
-7.225670e+001 3.868384e+002 0.000000e+000 -2.177665e-002 1.519501e-002 -9.996474e-001
-7.223040e+001 3.867531e+002 0.000000e+000 -2.024819e-002 3.829444e-002 -9.990613e-001
-7.224037e+001 3.870728e+002 0.000000e+000 -1.956332e-002 3.007393e-002 -9.993562e-001
-7.222845e+001 3.870159e+002 0.000000e+000 -2.184892e-002 4.078071e-002 -9.989292e-001
-7.222702e+001 3.869978e+002 0.000000e+000 -1.937347e-002 3.640714e-002 -9.991492e-001
-7.222813e+001 3.867281e+002 0.000000e+000 -2.033815e-002 3.660552e-002 -9.991228e-001
-7.224861e+001 3.870984e+002 0.000000e+000 -2.327425e-002 3.779746e-002 -9.990143e-001
-7.224303e+001 3.863397e+002 0.000000e+000 -2.425568e-002 1.846806e-002 -9.995352e-001
-7.221878e+001 3.868274e+002 0.000000e+000 -1.981800e-002 4.523086e-002 -9.987800e-001
-7.224718e+001 3.869640e+002 0.000000e+000 -2.009436e-002 2.501235e-002 -9.994852e-001
-7.224366e+001 3.870052e+002 0.000000e+000 -2.348324e-002 3.483060e-002 -9.991173e-001
-7.225518e+001 3.865713e+002 0.000000e+000 -2.438370e-002 2.151105e-002 -9.994712e-001
-7.225800e+001 3.866793e+002 0.000000e+000 -2.465781e-002 2.183702e-002 -9.994574e-001
-7.226265e+001 3.871082e+002 0.000000e+000 -2.017975e-002 1.913854e-002 -9.996132e-001
-7.223467e+001 3.867437e+002 0.000000e+000 -2.150403e-002 4.857551e-002 -9.985880e-001
-7.222900e+001 3.864230e+002 0.000000e+000 -2.459887e-002 2.479670e-002 -9.993898e-001
-7.223735e+001 3.866069e+002 0.000000e+000 -2.034676e-002 3.647095e-002 -9.991276e-001
-7.224704e+001 3.870017e+002 0.000000e+000 -2.345063e-002 3.701180e-002 -9.990396e-001
-7.223350e+001 3.868922e+002 0.000000e+000 -2.305504e-002 3.120620e-002 -9.992470e-001
-7.222771e+001 3.867098e+002 0.000000e+000 -2.138143e-002 3.674072e-002 -9.990961e-001
-7.225052e+001 3.866492e+002 0.000000e+000 -2.187227e-002 2.075161e-002 -9.995454e-001
-7.222198e+001 3.872995e+002 0.000000e+000 -2.015686e-002 4.297094e-002 -9.988730e-001
-7.225650e+001 3.865758e+002 0.000000e+000 -1.927855e-002 1.940130e-002 -9.996259e-001
-7.224109e+001 3.866436e+002 0.000000e+000 -2.660330e-002 1.704534e-002 -9.995007e-001
-7.224657e+001 3.867168e+002 0.000000e+000 -2.212878e-002 2.265538e-002 -9.994984e-001
-7.223403e+001 3.868916e+002 0.000000e+000 -2.203256e-002 3.394449e-002 -9.991808e-001
-7.222503e+001 3.869214e+002 0.000000e+000 -2.114938e-002 4.513548e-002 -9.987570e-001
-7.224644e+001 3.865175e+002 0.000000e+000 -2.650519e-002 1.724374e-002 -9.994999e-001
-7.220929e+001 3.861544e+002 0.000000e+000 -2.499404e-002 1.474713e-002 -9.995788e-001
-7.223882e+001 3.865962e+002 0.000000e+000 -2.112738e-002 3.245332e-002 -9.992499e-001
-7.224163e+001 3.870102e+002 0.000000e+000 -2.194286e-002 4.895325e-002 -9.985600e-001
-7.223653e+001 3.869473e+002 0.000000e+000 -1.974561e-002 4.232821e-002 -9.989086e-001
-7.223619e+001 3.870100e+002 0.000000e+000 -1.951382e-002 4.661915e-002 -9.987221e-001
-7.221759e+001 3.865480e+002 0.000000e+000 -2.122281e-002 3.584196e-002 -9.991321e-001
-7.223282e+001 3.869521e+002 0.000000e+000 -2.272968e-002 3.843060e-002 -9.990027e-001
-7.223601e+001 3.866425e+002 0.000000e+000 -2.320898e-002 3.052610e-002 -9.992645e-001
-7.222831e+001 3.867241e+002 0.000000e+000 -2.154551e-002 3.939458e-002 -9.989914e-001
-7.226035e+001 3.866617e+002 0.000000e+000 -2.369413e-002 2.140005e-002 -9.994902e-001
-7.223900e+001 3.868714e+002 0.000000e+000 -2.060879e-002 3.695918e-002 -9.991042e-001
-7.225202e+001 3.876392e+002 0.000000e+000 -2.141899e-002 4.618009e-002 -9.987035e-001
-7.224180e+001 3.866026e+002 0.000000e+000 -2.048956e-002 3.188312e-002 -9.992816e-001
-7.224866e+001 3.873005e+002 0.000000e+000 -2.126423e-002 4.230630e-002 -9.988784e-001
-7.225408e+001 3.865947e+002 0.000000e+000 -2.156165e-002 1.978426e-002 -9.995717e-001
-7.222774e+001 3.872093e+002 0.000000e+000 -2.103855e-002 4.332962e-002 -9.988393e-001
-7.226198e+001 3.869955e+002 0.000000e+000 -2.285734e-002 1.301949e-002 -9.996540e-001
-7.223978e+001 3.869866e+002 0.000000e+000 -2.133205e-002 4.243450e-002 -9.988715e-001
-7.226251e+001 3.866738e+002 0.000000e+000 -2.075198e-002 2.605269e-002 -9.994452e-001
-7.226635e+001 3.865556e+002 0.000000e+000 -2.023380e-002 1.481075e-002 -9.996856e-001
-7.224213e+001 3.867983e+002 0.000000e+000 -2.139165e-002 2.171448e-002 -9.995353e-001
-7.226213e+001 3.866236e+002 0.000000e+000 -2.411736e-002 1.887980e-002 -9.995308e-001
-7.224342e+001 3.870565e+002 0.000000e+000 -2.205072e-002 2.447694e-002 -9.994572e-001
-7.225868e+001 3.867993e+002 0.000000e+000 -2.277253e-002 1.247569e-002 -9.996628e-001
-7.224851e+001 3.868172e+002 0.000000e+000 -2.071480e-002 2.434377e-002 -9.994890e-001
-7.223298e+001 3.868946e+002 0.000000e+000 -2.058449e-002 3.705813e-002 -9.991011e-001
-7.226823e+001 3.866773e+002 0.000000e+000 -2.015844e-002 1.535985e-002 -9.996788e-001
-7.224461e+001 3.868272e+002 0.000000e+000 -2.457867e-002 3.066230e-002 -9.992276e-001
-7.224580e+001 3.869336e+002 0.000000e+000 -2.266042e-002 3.484258e-002 -9.991359e-001
-7.224137e+001 3.868347e+002 0.000000e+000 -1.974114e-002 3.227476e-002 -9.992841e-001
-7.223485e+001 3.861757e+002 0.000000e+000 -2.356867e-002 2.268385e-002 -9.994648e-001
-7.226002e+001 3.873042e+002 0.000000e+000 -2.283461e-002 2.305768e-002 -9.994733e-001
-7.225096e+001 3.862849e+002 0.000000e+000 -2.245557e-002 1.815069e-002 -9.995831e-001
-7.220722e+001 3.864138e+002 0.000000e+000 -2.289702e-002 3.603892e-002 -9.990880e-001
-7.225296e+001 3.869087e+002 0.000000e+000 -2.229485e-002 2.747874e-002 -9.993737e-001
-7.225307e+001 3.868175e+002 0.000000e+000 -2.577771e-002 2.366728e-002 -9.993875e-001
-7.223556e+001 3.865952e+002 0.000000e+000 -2.346373e-002 2.222867e-002 -9.994775e-001
-7.225776e+001 3.873776e+002 0.000000e+000 -2.259615e-002 4.165112e-002 -9.988767e-001
-7.222459e+001 3.864659e+002 0.000000e+000 -2.635255e-002 1.280853e-002 -9.995707e-001
-7.223862e+001 3.872763e+002 0.000000e+000 -2.109527e-002 4.690274e-002 -9.986767e-001
-7.226437e+001 3.865577e+002 0.000000e+000 -2.220219e-002 2.144086e-002 -9.995236e-001
-7.224585e+001 3.868537e+002 0.000000e+000 -2.489395e-002 2.521913e-002 -9.993719e-001
-7.223557e+001 3.869516e+002 0.000000e+000 -2.139650e-002 4.070991e-002 -9.989419e-001
-7.226129e+001 3.869696e+002 0.000000e+000 -2.428512e-002 2.313627e-002 -9.994373e-001
-7.223186e+001 3.864395e+002 0.000000e+000 -2.115365e-002 3.186427e-002 -9.992683e-001
-7.225347e+001 3.870098e+002 0.000000e+000 -2.336405e-002 2.484499e-002 -9.994183e-001
-7.225400e+001 3.866460e+002 0.000000e+000 -2.401024e-002 1.364212e-002 -9.996186e-001
-7.222635e+001 3.870275e+002 0.000000e+000 -1.930861e-002 3.669559e-002 -9.991399e-001
-7.225481e+001 3.869823e+002 0.000000e+000 -2.355005e-002 4.237646e-002 -9.988241e-001
-7.225749e+001 3.868745e+002 0.000000e+000 -2.423795e-002 3.553957e-002 -9.990743e-001
-7.225506e+001 3.867780e+002 0.000000e+000 -2.594754e-002 2.091780e-002 -9.994444e-001
-7.227548e+001 3.865397e+002 0.000000e+000 -2.259375e-002 1.402265e-002 -9.996464e-001
-7.224488e+001 3.867651e+002 0.000000e+000 -2.485185e-002 3.074548e-002 -9.992182e-001
-7.227165e+001 3.872116e+002 0.000000e+000 -2.574779e-002 1.818652e-002 -9.995030e-001
-7.223915e+001 3.866668e+002 0.000000e+000 -2.370414e-002 2.234381e-002 -9.994693e-001
-7.222847e+001 3.869006e+002 0.000000e+000 -2.103476e-002 3.820215e-002 -9.990486e-001
-7.222218e+001 3.867465e+002 0.000000e+000 -2.199420e-002 4.830432e-002 -9.985905e-001
-7.223678e+001 3.870367e+002 0.000000e+000 -2.064896e-002 3.732190e-002 -9.990899e-001
-7.225015e+001 3.862910e+002 0.000000e+000 -2.297737e-002 2.133392e-002 -9.995083e-001
-7.223508e+001 3.862342e+002 0.000000e+000 -2.479984e-002 1.601762e-002 -9.995641e-001
-7.224923e+001 3.872160e+002 0.000000e+000 -2.298269e-002 3.265746e-002 -9.992023e-001
-7.224741e+001 3.872051e+002 0.000000e+000 -2.200186e-002 2.696137e-002 -9.993943e-001
-7.225876e+001 3.871678e+002 0.000000e+000 -2.197255e-002 2.862012e-002 -9.993488e-001
-7.222145e+001 3.871158e+002 0.000000e+000 -1.992520e-002 4.077108e-002 -9.989698e-001
-7.224775e+001 3.867907e+002 0.000000e+000 -2.273369e-002 3.050916e-002 -9.992759e-001
-7.225368e+001 3.861241e+002 0.000000e+000 -2.375752e-002 1.362216e-002 -9.996249e-001
-7.228260e+001 3.862911e+002 0.000000e+000 -2.034074e-002 1.893848e-002 -9.996137e-001
-7.222857e+001 3.866438e+002 0.000000e+000 -2.189010e-002 3.328223e-002 -9.992062e-001
-7.227410e+001 3.870801e+002 0.000000e+000 -2.486676e-002 1.702462e-002 -9.995458e-001
-7.223644e+001 3.866970e+002 0.000000e+000 -2.422433e-002 1.956202e-002 -9.995151e-001
-7.227523e+001 3.869859e+002 0.000000e+000 -2.244150e-002 2.168718e-002 -9.995129e-001
-7.223621e+001 3.868141e+002 0.000000e+000 -1.905121e-002 4.853015e-002 -9.986400e-001
